0	0.184610
1	0.184262
2	0.183913
3	0.183561
4	0.183214
5	0.182832
6	0.182437
7	0.182052
8	0.181670
9	0.181261
10	0.180862
11	0.180453
12	0.180024
13	0.179640
14	0.179236
15	0.178807
16	0.178425
17	0.178023
18	0.177644
19	0.177245
20	0.176856
21	0.176445
22	0.176092
23	0.175726
24	0.175401
25	0.175058
26	0.174731
27	0.174418
28	0.174119
29	0.173836
30	0.173542
31	0.173252
32	0.172974
33	0.172667
34	0.172454
35	0.172231
36	0.171978
37	0.171731
38	0.171516
39	0.171300
40	0.171098
41	0.170882
42	0.170719
43	0.170563
44	0.170446
45	0.170322
46	0.170263
47	0.170155
48	0.170086
49	0.169974
50	0.169890
51	0.169790
52	0.169696
53	0.169596
54	0.169537
55	0.169457
56	0.169403
57	0.169337
58	0.169287
59	0.169257
60	0.169245
61	0.169207
62	0.169198
63	0.169202
64	0.169203
65	0.169214
66	0.169217
67	0.169221
68	0.169222
69	0.169231
70	0.169263
71	0.169272
72	0.169296
73	0.169324
74	0.169326
75	0.169310
76	0.169257
77	0.169271
78	0.169221
79	0.169253
80	0.169227
81	0.169227
82	0.169214
83	0.169254
84	0.169293
85	0.169287
86	0.169328
87	0.169352
88	0.169353
89	0.169320
90	0.169321
91	0.169312
92	0.169256
93	0.169242
94	0.169233
95	0.169184
96	0.169152
97	0.169099
98	0.169038
99	0.168959
100	0.168970
101	0.168939
102	0.168925
103	0.168871
104	0.168826
105	0.168768
106	0.168709
107	0.168665
108	0.168634
109	0.168610
110	0.168546
111	0.168496
112	0.168459
113	0.168412
114	0.168393
115	0.168370
116	0.168349
117	0.168302
118	0.168300
119	0.168279
120	0.168273
121	0.168252
122	0.168241
123	0.168220
124	0.168185
125	0.168161
126	0.168159
127	0.168142
128	0.168176
129	0.168147
130	0.168135
131	0.168141
132	0.168143
133	0.168144
134	0.168109
135	0.168084
136	0.168036
137	0.167983
138	0.167880
139	0.167795
140	0.167692
141	0.167542
142	0.167432
143	0.167316
144	0.167224
145	0.167157
146	0.167036
147	0.166972
148	0.166937
149	0.166917
150	0.166894
151	0.166904
152	0.166865
153	0.166789
154	0.166740
155	0.166664
156	0.166599
157	0.166522
158	0.166447
159	0.166375
160	0.166298
161	0.166193
162	0.166102
163	0.166029
164	0.165946
165	0.165875
166	0.165816
167	0.165735
168	0.165663
169	0.165553
170	0.165458
171	0.165370
172	0.165282
173	0.165194
174	0.165118
175	0.165035
176	0.164941
177	0.164858
178	0.164791
179	0.164777
180	0.164724
181	0.164729
182	0.164720
183	0.164738
184	0.164787
185	0.164784
186	0.164788
187	0.164818
188	0.164826
189	0.164827
190	0.164820
191	0.164767
192	0.164730
193	0.164669
194	0.164651
195	0.164626
196	0.164614
197	0.164563
198	0.164499
199	0.164426
200	0.164395
201	0.164342
202	0.164268
203	0.164206
204	0.164083
205	0.163993
206	0.163873
207	0.163766
208	0.163624
209	0.163519
210	0.163387
211	0.163233
212	0.163079
213	0.162942
214	0.162826
215	0.162728
216	0.162631
217	0.162545
218	0.162456
219	0.162349
220	0.162291
221	0.162217
222	0.162174
223	0.162112
224	0.162045
225	0.161992
226	0.161919
227	0.161862
228	0.161793
229	0.161764
230	0.161721
231	0.161722
232	0.161721
233	0.161712
234	0.161715
235	0.161736
236	0.161751
237	0.161707
238	0.161704
239	0.161672
240	0.161656
241	0.161628
242	0.161576
243	0.161505
244	0.161460
245	0.161380
246	0.161303
247	0.161271
248	0.161191
249	0.161164
250	0.161101
251	0.161039
252	0.160957
253	0.160931
254	0.160908
255	0.160890
256	0.160857
257	0.160859
258	0.160858
259	0.160876
260	0.160866
261	0.160864
262	0.160893
263	0.160891
264	0.160884
265	0.160912
266	0.160906
267	0.160912
268	0.160959
269	0.161013
270	0.161062
271	0.161091
272	0.161060
273	0.161066
274	0.161076
275	0.161050
276	0.161047
277	0.161036
278	0.161047
279	0.161046
280	0.161070
281	0.161092
282	0.161142
283	0.161194
284	0.161283
285	0.161357
286	0.161458
287	0.161505
288	0.161557
289	0.161637
290	0.161703
291	0.161795
292	0.161846
293	0.161888
294	0.161939
295	0.161986
296	0.162028
297	0.162079
298	0.162143
299	0.162206
300	0.162252
301	0.162308
302	0.162350
303	0.162404
304	0.162438
305	0.162508
306	0.162547
307	0.162575
308	0.162618
309	0.162600
310	0.162604
311	0.162624
312	0.162628
313	0.162616
314	0.162572
315	0.162557
316	0.162582
317	0.162577
318	0.162607
319	0.162635
320	0.162691
321	0.162693
322	0.162698
323	0.162699
324	0.162717
325	0.162737
326	0.162783
327	0.162818
328	0.162852
329	0.162856
330	0.162851
331	0.162845
332	0.162822
333	0.162810
334	0.162829
335	0.162807
336	0.162788
337	0.162751
338	0.162704
339	0.162641
340	0.162564
341	0.162487
342	0.162390
343	0.162280
344	0.162156
345	0.162032
346	0.161875
347	0.161769
348	0.161621
349	0.161456
350	0.161307
351	0.161158
352	0.160982
353	0.160776
354	0.160576
355	0.160353
356	0.160198
357	0.160016
358	0.159832
359	0.159619
360	0.159436
361	0.159211
362	0.159023
363	0.158772
364	0.158554
365	0.158292
366	0.158024
367	0.157752
368	0.157471
369	0.157182
370	0.156925
371	0.156681
372	0.156444
373	0.156192
374	0.155972
375	0.155756
376	0.155540
377	0.155297
378	0.155070
379	0.154870
380	0.154710
381	0.154538
382	0.154373
383	0.154206
384	0.154056
385	0.153922
386	0.153810
387	0.153698
388	0.153595
389	0.153486
390	0.153379
391	0.153256
392	0.153158
393	0.153045
394	0.152898
395	0.152722
396	0.152594
397	0.152471
398	0.152387
399	0.152276
400	0.152185
401	0.152050
402	0.151943
403	0.151810
404	0.151660
405	0.151530
406	0.151406
407	0.151304
408	0.151182
409	0.151033
410	0.150916
411	0.150799
412	0.150684
413	0.150604
414	0.150506
415	0.150402
416	0.150318
417	0.150232
418	0.150133
419	0.150058
420	0.150027
421	0.149990
422	0.149980
423	0.149991
424	0.149989
425	0.149990
426	0.149984
427	0.149986
428	0.150020
429	0.150054
430	0.150043
431	0.150088
432	0.150093
433	0.150095
434	0.150082
435	0.150085
436	0.150085
437	0.150090
438	0.150087
439	0.150098
440	0.150106
441	0.150094
442	0.150101
443	0.150097
444	0.150083
445	0.150056
446	0.150036
447	0.149978
448	0.149945
449	0.149926
450	0.149882
451	0.149851
452	0.149849
453	0.149846
454	0.149820
455	0.149776
456	0.149740
457	0.149732
458	0.149717
459	0.149697
460	0.149665
461	0.149623
462	0.149547
463	0.149460
464	0.149396
465	0.149343
466	0.149245
467	0.149172
468	0.149050
469	0.148960
470	0.148850
471	0.148783
472	0.148692
473	0.148579
474	0.148471
475	0.148381
476	0.148274
477	0.148136
478	0.147968
479	0.147843
480	0.147679
481	0.147516
482	0.147331
483	0.147161
484	0.146981
485	0.146786
486	0.146572
487	0.146386
488	0.146187
489	0.145998
490	0.145820
491	0.145656
492	0.145463
493	0.145254
494	0.145074
495	0.144891
496	0.144655
497	0.144466
498	0.144265
499	0.144034
500	0.143815
501	0.143586
502	0.143382
503	0.143179
504	0.142982
505	0.142780
506	0.142594
507	0.142381
508	0.142210
509	0.142018
510	0.141889
511	0.141764
512	0.141637
513	0.141536
514	0.141398
515	0.141329
516	0.141252
517	0.141192
518	0.141108
519	0.141080
520	0.141042
521	0.141002
522	0.140968
523	0.140974
524	0.140949
525	0.140976
526	0.140971
527	0.140993
528	0.141010
529	0.141022
530	0.141020
531	0.141031
532	0.141039
533	0.141067
534	0.141085
535	0.141157
536	0.141206
537	0.141258
538	0.141306
539	0.141368
540	0.141429
541	0.141496
542	0.141519
543	0.141524
544	0.141573
545	0.141595
546	0.141644
547	0.141699
548	0.141752
549	0.141777
550	0.141812
551	0.141827
552	0.141848
553	0.141865
554	0.141897
555	0.141908
556	0.141872
557	0.141881
558	0.141858
559	0.141850
560	0.141810
561	0.141789
562	0.141724
563	0.141671
564	0.141571
565	0.141464
566	0.141374
567	0.141319
568	0.141228
569	0.141149
570	0.141118
571	0.141112
572	0.141075
573	0.141019
574	0.140966
575	0.140946
576	0.140873
577	0.140842
578	0.140774
579	0.140723
580	0.140664
581	0.140611
582	0.140564
583	0.140499
584	0.140411
585	0.140374
586	0.140285
587	0.140240
588	0.140152
589	0.140038
590	0.139930
591	0.139783
592	0.139648
593	0.139462
594	0.139291
595	0.139144
596	0.138998
597	0.138874
598	0.138706
599	0.138562
600	0.138399
601	0.138250
602	0.138083
603	0.137920
604	0.137732
605	0.137569
606	0.137408
607	0.137251
608	0.137083
609	0.136906
610	0.136750
611	0.136590
612	0.136452
613	0.136330
614	0.136195
615	0.136061
616	0.135918
617	0.135823
618	0.135708
619	0.135612
620	0.135535
621	0.135482
622	0.135437
623	0.135453
624	0.135464
625	0.135523
626	0.135589
627	0.135643
628	0.135704
629	0.135766
630	0.135808
631	0.135869
632	0.135932
633	0.135986
634	0.136073
635	0.136173
636	0.136319
637	0.136464
638	0.136539
639	0.136686
640	0.136848
641	0.137005
642	0.137155
643	0.137333
644	0.137535
645	0.137722
646	0.137884
647	0.138063
648	0.138245
649	0.138425
650	0.138595
651	0.138786
652	0.138936
653	0.139079
654	0.139203
655	0.139356
656	0.139477
657	0.139626
658	0.139741
659	0.139842
660	0.139914
661	0.140022
662	0.140108
663	0.140160
664	0.140209
665	0.140198
666	0.140208
667	0.140176
668	0.140120
669	0.140064
670	0.140001
671	0.139929
672	0.139866
673	0.139792
674	0.139633
675	0.139514
676	0.139426
677	0.139276
678	0.139129
679	0.138989
680	0.138831
681	0.138637
682	0.138451
683	0.138258
684	0.138070
685	0.137868
686	0.137675
687	0.137505
688	0.137307
689	0.137100
690	0.136919
691	0.136714
692	0.136482
693	0.136293
694	0.136067
695	0.135842
696	0.135598
697	0.135407
698	0.135207
699	0.135057
700	0.134898
701	0.134708
702	0.134523
703	0.134364
704	0.134228
705	0.134053
706	0.133891
707	0.133737
708	0.133644
709	0.133491
710	0.133341
711	0.133225
712	0.133067
713	0.132976
714	0.132851
715	0.132738
716	0.132664
717	0.132576
718	0.132510
719	0.132454
720	0.132404
721	0.132354
722	0.132319
723	0.132290
724	0.132271
725	0.132249
726	0.132250
727	0.132236
728	0.132247
729	0.132233
730	0.132255
731	0.132279
732	0.132310
733	0.132394
734	0.132449
735	0.132531
736	0.132628
737	0.132694
738	0.132792
739	0.132904
740	0.133000
741	0.133100
742	0.133197
743	0.133310
744	0.133424
745	0.133532
746	0.133693
747	0.133800
748	0.133898
749	0.134003
750	0.134088
751	0.134195
752	0.134268
753	0.134337
754	0.134401
755	0.134446
756	0.134504
757	0.134558
758	0.134630
759	0.134717
760	0.134796
761	0.134870
762	0.134980
763	0.135111
764	0.135263
765	0.135390
766	0.135580
767	0.135782
768	0.135978
769	0.136165
770	0.136357
771	0.136540
772	0.136745
773	0.136930
774	0.137124
775	0.137267
776	0.137438
777	0.137612
778	0.137788
779	0.137972
780	0.138165
781	0.138357
782	0.138528
783	0.138647
784	0.138772
785	0.138918
786	0.139060
787	0.139161
788	0.139268
789	0.139364
790	0.139429
791	0.139498
792	0.139561
793	0.139603
794	0.139677
795	0.139756
796	0.139759
797	0.139787
798	0.139831
799	0.139845
800	0.139857
801	0.139839
802	0.139828
803	0.139840
804	0.139830
805	0.139787
806	0.139707
807	0.139641
808	0.139581
809	0.139492
810	0.139439
811	0.139363
812	0.139291
813	0.139248
814	0.139179
815	0.139151
816	0.139116
817	0.139066
818	0.139000
819	0.138959
820	0.138929
821	0.138901
822	0.138864
823	0.138831
824	0.138785
825	0.138725
826	0.138681
827	0.138614
828	0.138582
829	0.138510
830	0.138433
831	0.138390
832	0.138372
833	0.138360
834	0.138296
835	0.138257
836	0.138230
837	0.138206
838	0.138173
839	0.138171
840	0.138114
841	0.138090
842	0.138108
843	0.138091
844	0.138081
845	0.138078
846	0.138081
847	0.138048
848	0.138025
849	0.137992
850	0.137979
851	0.137971
852	0.137956
853	0.137940
854	0.137982
855	0.137983
856	0.138059
857	0.138116
858	0.138150
859	0.138169
860	0.138271
861	0.138356
862	0.138472
863	0.138591
864	0.138673
865	0.138739
866	0.138825
867	0.138915
868	0.139012
869	0.139124
870	0.139181
871	0.139261
872	0.139324
873	0.139414
874	0.139497
875	0.139616
876	0.139643
877	0.139700
878	0.139757
879	0.139791
880	0.139785
881	0.139830
882	0.139829
883	0.139875
884	0.139941
885	0.139975
886	0.140008
887	0.140074
888	0.140133
889	0.140150
890	0.140188
891	0.140204
892	0.140236
893	0.140235
894	0.140231
895	0.140271
896	0.140318
897	0.140320
898	0.140353
899	0.140411
900	0.140452
901	0.140469
902	0.140513
903	0.140511
904	0.140540
905	0.140567
906	0.140580
907	0.140604
908	0.140666
909	0.140700
910	0.140772
911	0.140820
912	0.140873
913	0.140903
914	0.140951
915	0.141017
916	0.141056
917	0.141119
918	0.141176
919	0.141205
920	0.141222
921	0.141241
922	0.141254
923	0.141294
924	0.141334
925	0.141413
926	0.141483
927	0.141505
928	0.141554
929	0.141608
930	0.141629
931	0.141646
932	0.141667
933	0.141720
934	0.141726
935	0.141755
936	0.141767
937	0.141749
938	0.141785
939	0.141789
940	0.141799
941	0.141773
942	0.141758
943	0.141715
944	0.141701
945	0.141674
946	0.141665
947	0.141625
948	0.141593
949	0.141548
950	0.141522
951	0.141474
952	0.141429
953	0.141397
954	0.141366
955	0.141339
956	0.141344
957	0.141338
958	0.141317
959	0.141304
960	0.141286
961	0.141291
962	0.141272
963	0.141281
964	0.141301
965	0.141301
966	0.141258
967	0.141230
968	0.141215
969	0.141203
970	0.141232
971	0.141265
972	0.141341
973	0.141451
974	0.141531
975	0.141575
976	0.141689
977	0.141795
978	0.141897
979	0.141983
980	0.142070
981	0.142092
982	0.142132
983	0.142217
984	0.142274
985	0.142370
986	0.142454
987	0.142510
988	0.142587
989	0.142666
990	0.142725
991	0.142776
992	0.142841
993	0.142901
994	0.142969
995	0.143006
996	0.143022
997	0.143089
998	0.143082
999	0.143080
1000	0.143083
1001	0.143036
1002	0.142990
1003	0.142953
1004	0.142950
1005	0.142905
1006	0.142847
1007	0.142849
1008	0.142835
1009	0.142867
1010	0.142881
1011	0.142893
1012	0.142900
1013	0.142907
1014	0.142890
1015	0.142882
1016	0.142854
1017	0.142813
1018	0.142727
1019	0.142655
1020	0.142604
1021	0.142562
1022	0.142496
1023	0.142442
1024	0.142370
1025	0.142337
1026	0.142317
1027	0.142315
1028	0.142321
1029	0.142314
1030	0.142301
1031	0.142277
1032	0.142232
1033	0.142219
1034	0.142212
1035	0.142180
1036	0.142199
1037	0.142235
1038	0.142251
1039	0.142325
1040	0.142406
1041	0.142457
1042	0.142472
1043	0.142505
1044	0.142522
1045	0.142547
1046	0.142554
1047	0.142599
1048	0.142643
1049	0.142664
1050	0.142683
1051	0.142723
1052	0.142776
1053	0.142833
1054	0.142902
1055	0.142918
1056	0.142983
1057	0.143063
1058	0.143154
1059	0.143225
1060	0.143293
1061	0.143343
1062	0.143431
1063	0.143494
1064	0.143576
1065	0.143701
1066	0.143784
1067	0.143873
1068	0.143926
1069	0.144030
1070	0.144122
1071	0.144212
1072	0.144342
1073	0.144401
1074	0.144499
1075	0.144592
1076	0.144666
1077	0.144745
1078	0.144838
1079	0.144965
1080	0.145088
1081	0.145151
1082	0.145216
1083	0.145281
1084	0.145380
1085	0.145471
1086	0.145599
1087	0.145691
1088	0.145740
1089	0.145848
1090	0.145925
1091	0.145951
1092	0.146033
1093	0.146107
1094	0.146173
1095	0.146253
1096	0.146285
1097	0.146318
1098	0.146419
1099	0.146510
1100	0.146625
1101	0.146740
1102	0.146865
1103	0.146985
1104	0.147108
1105	0.147224
1106	0.147375
1107	0.147597
1108	0.147790
1109	0.147986
1110	0.148175
1111	0.148378
1112	0.148615
1113	0.148797
1114	0.148988
1115	0.149184
1116	0.149388
1117	0.149592
1118	0.149797
1119	0.149983
1120	0.150214
1121	0.150432
1122	0.150661
1123	0.150862
1124	0.151085
1125	0.151337
1126	0.151547
1127	0.151745
1128	0.151951
1129	0.152192
1130	0.152370
1131	0.152572
1132	0.152757
1133	0.152911
1134	0.153032
1135	0.153130
1136	0.153165
1137	0.153212
1138	0.153272
1139	0.153253
1140	0.153220
1141	0.153204
1142	0.153151
1143	0.153107
1144	0.153035
1145	0.152933
1146	0.152867
1147	0.152793
1148	0.152679
1149	0.152591
1150	0.152414
1151	0.152288
1152	0.152095
1153	0.151929
1154	0.151696
1155	0.151402
1156	0.151125
1157	0.150828
1158	0.150560
1159	0.150277
1160	0.150006
1161	0.149748
1162	0.149524
1163	0.149296
1164	0.149094
1165	0.148837
1166	0.148635
1167	0.148441
1168	0.148238
1169	0.148069
1170	0.147886
1171	0.147680
1172	0.147476
1173	0.147307
1174	0.147141
1175	0.147027
1176	0.146905
1177	0.146756
1178	0.146611
1179	0.146512
1180	0.146363
1181	0.146267
1182	0.146190
1183	0.146061
1184	0.145930
1185	0.145832
1186	0.145730
1187	0.145672
1188	0.145633
1189	0.145623
1190	0.145609
1191	0.145605
1192	0.145616
1193	0.145650
1194	0.145750
1195	0.145878
1196	0.146030
1197	0.146167
1198	0.146346
1199	0.146514
1200	0.146740
1201	0.146945
1202	0.147167
1203	0.147440
1204	0.147668
1205	0.147903
1206	0.148152
1207	0.148425
1208	0.148678
1209	0.148952
1210	0.149180
1211	0.149452
1212	0.149757
1213	0.150049
1214	0.150366
1215	0.150610
1216	0.150912
1217	0.151206
1218	0.151501
1219	0.151757
1220	0.152023
1221	0.152266
1222	0.152522
1223	0.152831
1224	0.153081
1225	0.153330
1226	0.153551
1227	0.153798
1228	0.154009
1229	0.154201
1230	0.154419
1231	0.154604
1232	0.154760
1233	0.154940
1234	0.155066
1235	0.155191
1236	0.155298
1237	0.155366
1238	0.155437
1239	0.155508
1240	0.155590
1241	0.155650
1242	0.155654
1243	0.155670
1244	0.155688
1245	0.155684
1246	0.155644
1247	0.155653
1248	0.155658
1249	0.155631
1250	0.155569
1251	0.155474
1252	0.155354
1253	0.155214
1254	0.155114
1255	0.154939
1256	0.154774
1257	0.154571
1258	0.154412
1259	0.154246
1260	0.154072
1261	0.153888
1262	0.153743
1263	0.153596
1264	0.153441
1265	0.153344
1266	0.153250
1267	0.153113
1268	0.152935
1269	0.152787
1270	0.152644
1271	0.152508
1272	0.152348
1273	0.152187
1274	0.152032
1275	0.151888
1276	0.151712
1277	0.151562
1278	0.151400
1279	0.151251
1280	0.151132
1281	0.151002
1282	0.150960
1283	0.150853
1284	0.150758
1285	0.150656
1286	0.150545
1287	0.150440
1288	0.150352
1289	0.150317
1290	0.150216
1291	0.150125
1292	0.150024
1293	0.149914
1294	0.149823
1295	0.149757
1296	0.149723
1297	0.149703
1298	0.149703
1299	0.149670
1300	0.149674
1301	0.149703
1302	0.149695
1303	0.149736
1304	0.149737
1305	0.149777
1306	0.149793
1307	0.149841
1308	0.149838
1309	0.149871
1310	0.149962
1311	0.150009
1312	0.150031
1313	0.150058
1314	0.150090
1315	0.150133
1316	0.150190
1317	0.150257
1318	0.150320
1319	0.150346
1320	0.150408
1321	0.150434
1322	0.150473
1323	0.150468
1324	0.150471
1325	0.150517
1326	0.150570
1327	0.150628
1328	0.150716
1329	0.150778
1330	0.150794
1331	0.150869
1332	0.150939
1333	0.151007
1334	0.151107
1335	0.151183
1336	0.151258
1337	0.151316
1338	0.151403
1339	0.151452
1340	0.151517
1341	0.151521
1342	0.151520
1343	0.151516
1344	0.151453
1345	0.151414
1346	0.151407
1347	0.151350
1348	0.151287
1349	0.151281
1350	0.151210
1351	0.151122
1352	0.151083
1353	0.151024
1354	0.151006
1355	0.150965
1356	0.150916
1357	0.150887
1358	0.150781
1359	0.150688
1360	0.150639
1361	0.150635
1362	0.150606
1363	0.150588
1364	0.150586
1365	0.150557
1366	0.150517
1367	0.150464
1368	0.150409
1369	0.150366
1370	0.150323
1371	0.150270
1372	0.150269
1373	0.150248
1374	0.150159
1375	0.150093
1376	0.150049
1377	0.150003
1378	0.149988
1379	0.149923
1380	0.149884
1381	0.149750
1382	0.149634
1383	0.149574
1384	0.149533
1385	0.149497
1386	0.149466
1387	0.149426
1388	0.149365
1389	0.149302
1390	0.149287
1391	0.149249
1392	0.149210
1393	0.149145
1394	0.149063
1395	0.149021
1396	0.148960
1397	0.148901
1398	0.148874
1399	0.148849
1400	0.148846
1401	0.148843
1402	0.148887
1403	0.148880
1404	0.148911
1405	0.148965
1406	0.148974
1407	0.148960
1408	0.148957
1409	0.148916
1410	0.148879
1411	0.148871
1412	0.148884
1413	0.148840
1414	0.148853
1415	0.148878
1416	0.148869
1417	0.148906
1418	0.148951
1419	0.149027
1420	0.149053
1421	0.149066
1422	0.149080
1423	0.149092
1424	0.149099
1425	0.149086
1426	0.149126
1427	0.149139
1428	0.149128
1429	0.149088
1430	0.149075
1431	0.149085
1432	0.149084
1433	0.149100
1434	0.149130
1435	0.149162
1436	0.149246
1437	0.149264
1438	0.149334
1439	0.149418
1440	0.149473
1441	0.149527
1442	0.149592
1443	0.149655
1444	0.149686
1445	0.149763
1446	0.149791
1447	0.149829
1448	0.149867
1449	0.149881
1450	0.149937
1451	0.150009
1452	0.150054
1453	0.150123
1454	0.150198
1455	0.150275
1456	0.150333
1457	0.150397
1458	0.150441
1459	0.150490
1460	0.150564
1461	0.150620
1462	0.150657
1463	0.150688
1464	0.150757
1465	0.150851
1466	0.150946
1467	0.151058
1468	0.151141
1469	0.151247
1470	0.151340
1471	0.151465
1472	0.151557
1473	0.151631
1474	0.151739
1475	0.151805
1476	0.151853
1477	0.151869
1478	0.151882
1479	0.151845
1480	0.151839
1481	0.151824
1482	0.151845
1483	0.151801
1484	0.151759
1485	0.151714
1486	0.151672
1487	0.151670
1488	0.151627
1489	0.151607
1490	0.151613
1491	0.151635
1492	0.151599
1493	0.151604
1494	0.151552
1495	0.151552
1496	0.151494
1497	0.151422
1498	0.151334
1499	0.151270
1500	0.151220
1501	0.151123
1502	0.151023
1503	0.150880
1504	0.150739
1505	0.150564
1506	0.150425
1507	0.150308
1508	0.150161
1509	0.149999
1510	0.149868
1511	0.149742
1512	0.149623
1513	0.149498
1514	0.149419
1515	0.149374
1516	0.149311
1517	0.149249
1518	0.149210
1519	0.149143
1520	0.149108
1521	0.149089
1522	0.149069
1523	0.149062
1524	0.149032
1525	0.148991
1526	0.148977
1527	0.148982
1528	0.148971
1529	0.148984
1530	0.148949
1531	0.148935
1532	0.148932
1533	0.148931
1534	0.148922
1535	0.148947
1536	0.148984
1537	0.149018
1538	0.149102
1539	0.149125
1540	0.149165
1541	0.149182
1542	0.149189
1543	0.149181
1544	0.149188
1545	0.149216
1546	0.149226
1547	0.149238
1548	0.149183
1549	0.149124
1550	0.149107
1551	0.149112
1552	0.149107
1553	0.149076
1554	0.149057
1555	0.148987
1556	0.148975
1557	0.148927
1558	0.148850
1559	0.148777
1560	0.148741
1561	0.148690
1562	0.148680
1563	0.148621
1564	0.148587
1565	0.148542
1566	0.148475
1567	0.148457
1568	0.148433
1569	0.148400
1570	0.148420
1571	0.148402
1572	0.148379
1573	0.148378
1574	0.148413
1575	0.148463
1576	0.148471
1577	0.148521
1578	0.148482
1579	0.148480
1580	0.148486
1581	0.148447
1582	0.148426
1583	0.148377
1584	0.148290
1585	0.148203
1586	0.148158
1587	0.148147
1588	0.148134
1589	0.148095
1590	0.148060
1591	0.148042
1592	0.148028
1593	0.147995
1594	0.147958
1595	0.147929
1596	0.147909
1597	0.147889
1598	0.147879
1599	0.147826
1600	0.147770
1601	0.147745
1602	0.147749
1603	0.147668
1604	0.147693
1605	0.147713
1606	0.147715
1607	0.147693
1608	0.147681
1609	0.147662
1610	0.147655
1611	0.147628
1612	0.147587
1613	0.147579
1614	0.147508
1615	0.147402
1616	0.147282
1617	0.147163
1618	0.147046
1619	0.146928
1620	0.146807
1621	0.146656
1622	0.146546
1623	0.146454
1624	0.146366
1625	0.146264
1626	0.146177
1627	0.146065
1628	0.145960
1629	0.145800
1630	0.145688
1631	0.145514
1632	0.145353
1633	0.145162
1634	0.144998
1635	0.144819
1636	0.144659
1637	0.144527
1638	0.144395
1639	0.144279
1640	0.144132
1641	0.144077
1642	0.143994
1643	0.143931
1644	0.143868
1645	0.143799
1646	0.143711
1647	0.143776
1648	0.143800
1649	0.143816
1650	0.143832
1651	0.143829
1652	0.143842
1653	0.143854
1654	0.143874
1655	0.143908
1656	0.143938
1657	0.143958
1658	0.143976
1659	0.144013
1660	0.144079
1661	0.144132
1662	0.144133
1663	0.144136
1664	0.144174
1665	0.144181
1666	0.144177
1667	0.144255
1668	0.144227
1669	0.144217
1670	0.144210
1671	0.144225
1672	0.144252
1673	0.144296
1674	0.144338
1675	0.144403
1676	0.144455
1677	0.144477
1678	0.144469
1679	0.144497
1680	0.144475
1681	0.144387
1682	0.144396
1683	0.144367
1684	0.144363
1685	0.144402
1686	0.144437
1687	0.144391
1688	0.144339
1689	0.144340
1690	0.144334
1691	0.144334
1692	0.144322
1693	0.144317
1694	0.144267
1695	0.144213
1696	0.144214
1697	0.144223
1698	0.144197
1699	0.144215
1700	0.144177
1701	0.144105
1702	0.144040
1703	0.144019
1704	0.143991
1705	0.143964
1706	0.143972
1707	0.143932
1708	0.143863
1709	0.143844
1710	0.143792
1711	0.143717
1712	0.143634
1713	0.143561
1714	0.143495
1715	0.143476
1716	0.143355
1717	0.143212
1718	0.143040
1719	0.142914
1720	0.142821
1721	0.142706
1722	0.142571
1723	0.142429
1724	0.142316
1725	0.142179
1726	0.142039
1727	0.141907
1728	0.141762
1729	0.141637
1730	0.141503
1731	0.141371
1732	0.141300
1733	0.141189
1734	0.141108
1735	0.141030
1736	0.140940
1737	0.140809
1738	0.140715
1739	0.140623
1740	0.140482
1741	0.140340
1742	0.140170
1743	0.139947
1744	0.139690
1745	0.139439
1746	0.139208
1747	0.138986
1748	0.138790
1749	0.138604
1750	0.138381
1751	0.138230
1752	0.138083
1753	0.137955
1754	0.137849
1755	0.137784
1756	0.137675
1757	0.137601
1758	0.137455
1759	0.137348
1760	0.137285
1761	0.137252
1762	0.137259
1763	0.137251
1764	0.137294
1765	0.137296
1766	0.137343
1767	0.137361
1768	0.137297
1769	0.137278
1770	0.137266
1771	0.137243
1772	0.137262
1773	0.137254
1774	0.137223
1775	0.137213
1776	0.137234
1777	0.137331
1778	0.137409
1779	0.137529
1780	0.137593
1781	0.137715
1782	0.137816
1783	0.137902
1784	0.138032
1785	0.138108
1786	0.138204
1787	0.138337
1788	0.138485
1789	0.138621
1790	0.138738
1791	0.138803
1792	0.138931
1793	0.139065
1794	0.139197
1795	0.139362
1796	0.139494
1797	0.139564
1798	0.139629
1799	0.139764
1800	0.139859
1801	0.140001
1802	0.140107
1803	0.140200
1804	0.140265
1805	0.140353
1806	0.140455
1807	0.140545
1808	0.140596
1809	0.140647
1810	0.140672
1811	0.140677
1812	0.140681
1813	0.140662
1814	0.140604
1815	0.140556
1816	0.140470
1817	0.140324
1818	0.140287
1819	0.140182
1820	0.140083
1821	0.140026
1822	0.139937
1823	0.139823
1824	0.139706
1825	0.139551
1826	0.139431
1827	0.139251
1828	0.139068
1829	0.138856
1830	0.138672
1831	0.138542
1832	0.138318
1833	0.138141
1834	0.137971
1835	0.137870
1836	0.137677
1837	0.137529
1838	0.137372
1839	0.137179
1840	0.136982
1841	0.136759
1842	0.136487
1843	0.136288
1844	0.136095
1845	0.135863
1846	0.135703
1847	0.135514
1848	0.135297
1849	0.135106
1850	0.134875
1851	0.134671
1852	0.134468
1853	0.134257
1854	0.134038
1855	0.133882
1856	0.133752
1857	0.133591
1858	0.133488
1859	0.133390
1860	0.133292
1861	0.133231
1862	0.133150
1863	0.133057
1864	0.132982
1865	0.132888
1866	0.132854
1867	0.132808
1868	0.132756
1869	0.132697
1870	0.132693
1871	0.132665
1872	0.132712
1873	0.132747
1874	0.132738
1875	0.132762
1876	0.132754
1877	0.132724
1878	0.132728
1879	0.132682
1880	0.132717
1881	0.132780
1882	0.132851
1883	0.132944
1884	0.133067
1885	0.133170
1886	0.133268
1887	0.133298
1888	0.133398
1889	0.133500
1890	0.133581
1891	0.133652
1892	0.133788
1893	0.133930
1894	0.134085
1895	0.134213
1896	0.134364
1897	0.134521
1898	0.134702
1899	0.134836
1900	0.135014
1901	0.135164
1902	0.135341
1903	0.135501
1904	0.135618
1905	0.135703
1906	0.135785
1907	0.135815
1908	0.135848
1909	0.135840
1910	0.135910
1911	0.135936
1912	0.135972
1913	0.135991
1914	0.136018
1915	0.136052
1916	0.136020
1917	0.135993
1918	0.135919
1919	0.135822
1920	0.135727
1921	0.135661
1922	0.135624
1923	0.135509
1924	0.135477
1925	0.135455
1926	0.135356
1927	0.135215
1928	0.135067
1929	0.134911
1930	0.134745
1931	0.134581
1932	0.134419
1933	0.134220
1934	0.134017
1935	0.133865
1936	0.133630
1937	0.133381
1938	0.133133
1939	0.132848
1940	0.132645
1941	0.132387
1942	0.132188
1943	0.131985
1944	0.131826
1945	0.131643
1946	0.131477
1947	0.131288
1948	0.131127
1949	0.130972
1950	0.130870
1951	0.130766
1952	0.130612
1953	0.130490
1954	0.130416
1955	0.130309
1956	0.130196
1957	0.130129
1958	0.130062
1959	0.130011
1960	0.130010
1961	0.129937
1962	0.129876
1963	0.129782
1964	0.129691
1965	0.129551
1966	0.129394
1967	0.129291
1968	0.129205
1969	0.129140
1970	0.129049
1971	0.128978
1972	0.128934
1973	0.128859
1974	0.128833
1975	0.128857
1976	0.128850
1977	0.128874
1978	0.128907
1979	0.128944
1980	0.129010
1981	0.128980
1982	0.128948
1983	0.128963
1984	0.128938
1985	0.128929
1986	0.128904
1987	0.128968
1988	0.128934
1989	0.129014
1990	0.129151
1991	0.129252
1992	0.129396
1993	0.129543
1994	0.129678
1995	0.129871
1996	0.130048
1997	0.130263
1998	0.130513
1999	0.130691
2000	0.130910
2001	0.130991
2002	0.131176
2003	0.131342
2004	0.131585
2005	0.131748
2006	0.131997
2007	0.132146
2008	0.132323
2009	0.132497
2010	0.132687
2011	0.132794
2012	0.132929
2013	0.133073
2014	0.133252
2015	0.133423
2016	0.133541
2017	0.133691
2018	0.133807
2019	0.133948
2020	0.134081
2021	0.134188
2022	0.134297
2023	0.134422
2024	0.134553
2025	0.134647
2026	0.134828
2027	0.134987
2028	0.135100
2029	0.135141
2030	0.135241
2031	0.135293
2032	0.135361
2033	0.135422
2034	0.135455
2035	0.135542
2036	0.135605
2037	0.135649
2038	0.135752
2039	0.135837
2040	0.135892
2041	0.135950
2042	0.136006
2043	0.136007
2044	0.136018
2045	0.135998
2046	0.135961
2047	0.135908
2048	0.135901
2049	0.135903
2050	0.135873
2051	0.135886
2052	0.135929
2053	0.135938
2054	0.136001
2055	0.135999
2056	0.136035
2057	0.135997
2058	0.135949
2059	0.135895
2060	0.135782
2061	0.135703
2062	0.135678
2063	0.135643
2064	0.135639
2065	0.135627
2066	0.135611
2067	0.135633
2068	0.135618
2069	0.135653
2070	0.135594
2071	0.135594
2072	0.135600
2073	0.135611
2074	0.135640
2075	0.135657
2076	0.135626
2077	0.135575
2078	0.135578
2079	0.135515
2080	0.135504
2081	0.135451
2082	0.135467
2083	0.135445
2084	0.135472
2085	0.135474
2086	0.135508
2087	0.135519
2088	0.135545
2089	0.135575
2090	0.135607
2091	0.135606
2092	0.135657
2093	0.135681
2094	0.135696
2095	0.135667
2096	0.135683
2097	0.135715
2098	0.135797
2099	0.135856
2100	0.135921
2101	0.136003
2102	0.136013
2103	0.136040
2104	0.136084
2105	0.136141
2106	0.136155
2107	0.136210
2108	0.136266
2109	0.136388
2110	0.136477
2111	0.136590
2112	0.136624
2113	0.136701
2114	0.136758
2115	0.136841
2116	0.136942
2117	0.136993
2118	0.137037
2119	0.137151
2120	0.137238
2121	0.137298
2122	0.137361
2123	0.137475
2124	0.137561
2125	0.137676
2126	0.137777
2127	0.137902
2128	0.138062
2129	0.138243
2130	0.138325
2131	0.138426
2132	0.138529
2133	0.138675
2134	0.138824
2135	0.138891
2136	0.138947
2137	0.138980
2138	0.139066
2139	0.139073
2140	0.139209
2141	0.139302
2142	0.139429
2143	0.139590
2144	0.139691
2145	0.139779
2146	0.139925
2147	0.140106
2148	0.140168
2149	0.140235
2150	0.140284
2151	0.140343
2152	0.140420
2153	0.140504
2154	0.140568
2155	0.140643
2156	0.140702
2157	0.140702
2158	0.140760
2159	0.140818
2160	0.140855
2161	0.140863
2162	0.140843
2163	0.140830
2164	0.140831
2165	0.140838
2166	0.140852
2167	0.140908
2168	0.140888
2169	0.140848
2170	0.140767
2171	0.140739
2172	0.140627
2173	0.140615
2174	0.140510
2175	0.140437
2176	0.140350
2177	0.140271
2178	0.140199
2179	0.140127
2180	0.140110
2181	0.140029
2182	0.139999
2183	0.139930
2184	0.139935
2185	0.139868
2186	0.139793
2187	0.139823
2188	0.139837
2189	0.139836
2190	0.139882
2191	0.139933
2192	0.140010
2193	0.140066
2194	0.140143
2195	0.140225
2196	0.140322
2197	0.140399
2198	0.140444
2199	0.140493
2200	0.140587
2201	0.140724
2202	0.140847
2203	0.140947
2204	0.140979
2205	0.141094
2206	0.141128
2207	0.141156
2208	0.141160
2209	0.141226
2210	0.141229
2211	0.141279
2212	0.141326
2213	0.141340
2214	0.141284
2215	0.141209
2216	0.141191
2217	0.141115
2218	0.141148
2219	0.141110
2220	0.141153
2221	0.141101
2222	0.141080
2223	0.141078
2224	0.141090
2225	0.141072
2226	0.141093
2227	0.141205
2228	0.141252
2229	0.141279
2230	0.141361
2231	0.141428
2232	0.141479
2233	0.141585
2234	0.141665
2235	0.141809
2236	0.141953
2237	0.142077
2238	0.142222
2239	0.142318
2240	0.142441
2241	0.142586
2242	0.142745
2243	0.142832
2244	0.142862
2245	0.142870
2246	0.142867
2247	0.142901
2248	0.142943
2249	0.142941
2250	0.142941
2251	0.142955
2252	0.142939
2253	0.142934
2254	0.142980
2255	0.143026
2256	0.143064
2257	0.143158
2258	0.143233
2259	0.143308
2260	0.143421
2261	0.143583
2262	0.143701
2263	0.143830
2264	0.144000
2265	0.144149
2266	0.144278
2267	0.144351
2268	0.144484
2269	0.144556
2270	0.144642
2271	0.144695
2272	0.144818
2273	0.144944
2274	0.145064
2275	0.145145
2276	0.145273
2277	0.145358
2278	0.145477
2279	0.145558
2280	0.145617
2281	0.145639
2282	0.145674
2283	0.145698
2284	0.145701
2285	0.145669
2286	0.145690
2287	0.145637
2288	0.145603
2289	0.145599
2290	0.145627
2291	0.145584
2292	0.145553
2293	0.145543
2294	0.145447
2295	0.145369
2296	0.145282
2297	0.145188
2298	0.145114
2299	0.144986
2300	0.144861
2301	0.144804
2302	0.144679
2303	0.144593
2304	0.144469
2305	0.144416
2306	0.144398
2307	0.144400
2308	0.144310
2309	0.144241
2310	0.144262
2311	0.144283
2312	0.144336
2313	0.144400
2314	0.144526
2315	0.144642
2316	0.144762
2317	0.144838
2318	0.144990
2319	0.145136
2320	0.145270
2321	0.145385
2322	0.145525
2323	0.145671
2324	0.145777
2325	0.145913
2326	0.146068
2327	0.146226
2328	0.146350
2329	0.146506
2330	0.146616
2331	0.146694
2332	0.146762
2333	0.146846
2334	0.146919
2335	0.146980
2336	0.147114
2337	0.147297
2338	0.147465
2339	0.147595
2340	0.147754
2341	0.147920
2342	0.148149
2343	0.148426
2344	0.148625
2345	0.148855
2346	0.149119
2347	0.149314
2348	0.149542
2349	0.149835
2350	0.150090
2351	0.150422
2352	0.150764
2353	0.151047
2354	0.151293
2355	0.151651
2356	0.151992
2357	0.152316
2358	0.152659
2359	0.153033
2360	0.153458
2361	0.153889
2362	0.154300
2363	0.154696
2364	0.155139
2365	0.155567
2366	0.156018
2367	0.156507
2368	0.156939
2369	0.157304
2370	0.157721
2371	0.158075
2372	0.158376
2373	0.158731
2374	0.159030
2375	0.159323
2376	0.159636
2377	0.159909
2378	0.160215
2379	0.160529
2380	0.160777
2381	0.160926
2382	0.161081
2383	0.161315
2384	0.161464
2385	0.161707
2386	0.161924
2387	0.162107
2388	0.162276
2389	0.162431
2390	0.162621
2391	0.162851
2392	0.162973
2393	0.163098
2394	0.163235
2395	0.163393
2396	0.163544
2397	0.163701
2398	0.163843
2399	0.163954
2400	0.164158
2401	0.164179
2402	0.164203
2403	0.164214
2404	0.164181
2405	0.164207
2406	0.164202
2407	0.164175
2408	0.164083
2409	0.164072
2410	0.163942
2411	0.163875
2412	0.163746
2413	0.163677
2414	0.163622
2415	0.163621
2416	0.163567
2417	0.163653
2418	0.163682
2419	0.163680
2420	0.163706
2421	0.163751
2422	0.163795
2423	0.163851
2424	0.163952
2425	0.164046
2426	0.164160
2427	0.164325
2428	0.164498
2429	0.164698
2430	0.164877
2431	0.165055
2432	0.165208
2433	0.165372
2434	0.165554
2435	0.165694
2436	0.165861
2437	0.166010
2438	0.166134
2439	0.166277
2440	0.166439
2441	0.166639
2442	0.166773
2443	0.166943
2444	0.167098
2445	0.167301
2446	0.167470
2447	0.167656
2448	0.167797
2449	0.167926
2450	0.168104
2451	0.168258
2452	0.168483
2453	0.168647
2454	0.168795
2455	0.168980
2456	0.169147
2457	0.169258
2458	0.169402
2459	0.169561
2460	0.169681
2461	0.169874
2462	0.170048
2463	0.170197
2464	0.170409
2465	0.170632
2466	0.170883
2467	0.171178
2468	0.171483
2469	0.171706
2470	0.171938
2471	0.172203
2472	0.172456
2473	0.172670
2474	0.172940
2475	0.173274
2476	0.173505
2477	0.173782
2478	0.173971
2479	0.174206
2480	0.174399
2481	0.174668
2482	0.174853
2483	0.175068
2484	0.175187
2485	0.175308
2486	0.175420
2487	0.175567
2488	0.175629
2489	0.175736
2490	0.175791
2491	0.175839
2492	0.175889
2493	0.175883
2494	0.175868
2495	0.175852
2496	0.175857
2497	0.175867
2498	0.175797
2499	0.175742
2500	0.175711
2501	0.175677
2502	0.175708
2503	0.175620
2504	0.175590
2505	0.175519
2506	0.175527
2507	0.175462
2508	0.175440
2509	0.175419
2510	0.175400
2511	0.175451
2512	0.175451
2513	0.175476
2514	0.175458
2515	0.175496
2516	0.175510
2517	0.175534
2518	0.175529
2519	0.175551
2520	0.175539
2521	0.175482
2522	0.175431
2523	0.175424
2524	0.175388
2525	0.175334
2526	0.175312
2527	0.175321
2528	0.175350
2529	0.175408
2530	0.175442
2531	0.175508
2532	0.175666
2533	0.175784
2534	0.175893
2535	0.176031
2536	0.176181
2537	0.176360
2538	0.176529
2539	0.176762
2540	0.176960
2541	0.177177
2542	0.177392
2543	0.177599
2544	0.177725
2545	0.177961
2546	0.178182
2547	0.178383
2548	0.178599
2549	0.178793
2550	0.179017
2551	0.179302
2552	0.179546
2553	0.179723
2554	0.180024
2555	0.180312
2556	0.180604
2557	0.180849
2558	0.181069
2559	0.181354
2560	0.181611
2561	0.181860
2562	0.182044
2563	0.182206
2564	0.182312
2565	0.182516
2566	0.182636
2567	0.182760
2568	0.182899
2569	0.183066
2570	0.183213
2571	0.183269
2572	0.183380
2573	0.183485
2574	0.183593
2575	0.183634
2576	0.183698
2577	0.183788
2578	0.183923
2579	0.183935
2580	0.184108
2581	0.184256
2582	0.184425
2583	0.184488
2584	0.184647
2585	0.184773
2586	0.184941
2587	0.185110
2588	0.185269
2589	0.185374
2590	0.185515
2591	0.185658
2592	0.185746
2593	0.185905
2594	0.186013
2595	0.186019
2596	0.186034
2597	0.186078
2598	0.186060
2599	0.186078
2600	0.186173
2601	0.186210
2602	0.186232
2603	0.186236
2604	0.186196
2605	0.186220
2606	0.186192
2607	0.186194
2608	0.186208
2609	0.186096
2610	0.186011
2611	0.185955
2612	0.185777
2613	0.185691
2614	0.185515
2615	0.185360
2616	0.185226
2617	0.185180
2618	0.184948
2619	0.184824
2620	0.184715
2621	0.184557
2622	0.184450
2623	0.184300
2624	0.184234
2625	0.184066
2626	0.183945
2627	0.183864
2628	0.183750
2629	0.183609
2630	0.183488
2631	0.183313
2632	0.183112
2633	0.182941
2634	0.182756
2635	0.182620
2636	0.182517
2637	0.182319
2638	0.182121
2639	0.181911
2640	0.181760
2641	0.181607
2642	0.181506
2643	0.181369
2644	0.181186
2645	0.181012
2646	0.180848
2647	0.180708
2648	0.180493
2649	0.180340
2650	0.180209
2651	0.180075
2652	0.179950
2653	0.179831
2654	0.179742
2655	0.179675
2656	0.179546
2657	0.179458
2658	0.179320
2659	0.179158
2660	0.179070
2661	0.178977
2662	0.178933
2663	0.178820
2664	0.178769
2665	0.178721
2666	0.178661
2667	0.178604
2668	0.178565
2669	0.178544
2670	0.178564
2671	0.178648
2672	0.178619
2673	0.178599
2674	0.178586
2675	0.178522
2676	0.178403
2677	0.178416
2678	0.178382
2679	0.178399
2680	0.178282
2681	0.178187
2682	0.178044
2683	0.177962
2684	0.177887
2685	0.177858
2686	0.177835
2687	0.177792
2688	0.177702
2689	0.177676
2690	0.177703
2691	0.177743
2692	0.177849
2693	0.177873
2694	0.177834
2695	0.177901
2696	0.178078
2697	0.178135
2698	0.178242
2699	0.178338
2700	0.178435
2701	0.178589
2702	0.178737
2703	0.178821
2704	0.178912
2705	0.179057
2706	0.179173
2707	0.179347
2708	0.179519
2709	0.179691
2710	0.179834
2711	0.179961
2712	0.180085
2713	0.180178
2714	0.180320
2715	0.180423
2716	0.180537
2717	0.180611
2718	0.180703
2719	0.180817
2720	0.180801
2721	0.180762
2722	0.180747
2723	0.180600
2724	0.180552
2725	0.180574
2726	0.180533
2727	0.180497
2728	0.180431
2729	0.180369
2730	0.180326
2731	0.180273
2732	0.180188
2733	0.180191
2734	0.180114
2735	0.179985
2736	0.179961
2737	0.179927
2738	0.179845
2739	0.179782
2740	0.179694
2741	0.179653
2742	0.179666
2743	0.179603
2744	0.179532
2745	0.179471
2746	0.179559
2747	0.179546
2748	0.179545
2749	0.179554
2750	0.179518
2751	0.179490
2752	0.179526
2753	0.179558
2754	0.179586
2755	0.179581
2756	0.179527
2757	0.179512
2758	0.179515
2759	0.179498
2760	0.179431
2761	0.179437
2762	0.179392
2763	0.179345
2764	0.179280
2765	0.179222
2766	0.179112
2767	0.178970
2768	0.178840
2769	0.178667
2770	0.178471
2771	0.178148
2772	0.177992
2773	0.177790
2774	0.177686
2775	0.177541
2776	0.177506
2777	0.177423
2778	0.177367
2779	0.177215
2780	0.177221
2781	0.177195
2782	0.177193
2783	0.177132
2784	0.177101
2785	0.177069
2786	0.176980
2787	0.176970
2788	0.176911
2789	0.176830
2790	0.176818
2791	0.176855
2792	0.176872
2793	0.176945
2794	0.176936
2795	0.176822
2796	0.176705
2797	0.176561
2798	0.176378
2799	0.176250
2800	0.176118
2801	0.175949
2802	0.175812
2803	0.175735
2804	0.175500
2805	0.175282
2806	0.175050
2807	0.174844
2808	0.174616
2809	0.174425
2810	0.174326
2811	0.174097
2812	0.173926
2813	0.173772
2814	0.173623
2815	0.173391
2816	0.173182
2817	0.172932
2818	0.172784
2819	0.172696
2820	0.172604
2821	0.172530
2822	0.172553
2823	0.172514
2824	0.172542
2825	0.172592
2826	0.172544
2827	0.172461
2828	0.172335
2829	0.172229
2830	0.172193
2831	0.172126
2832	0.172008
2833	0.171885
2834	0.171762
2835	0.171580
2836	0.171423
2837	0.171273
2838	0.171158
2839	0.171073
2840	0.170939
2841	0.170740
2842	0.170603
2843	0.170408
2844	0.170238
2845	0.170025
2846	0.169727
2847	0.169517
2848	0.169252
2849	0.169042
2850	0.168788
2851	0.168489
2852	0.168167
2853	0.167871
2854	0.167590
2855	0.167310
2856	0.167080
2857	0.166912
2858	0.166692
2859	0.166567
2860	0.166464
2861	0.166431
2862	0.166436
2863	0.166362
2864	0.166371
2865	0.166341
2866	0.166347
2867	0.166421
2868	0.166514
2869	0.166492
2870	0.166448
2871	0.166491
2872	0.166460
2873	0.166380
2874	0.166394
2875	0.166346
2876	0.166218
2877	0.166096
2878	0.166083
2879	0.166091
2880	0.166028
2881	0.165904
2882	0.165710
2883	0.165647
2884	0.165587
2885	0.165524
2886	0.165480
2887	0.165432
2888	0.165294
2889	0.165205
2890	0.165122
2891	0.165016
2892	0.165000
2893	0.164975
2894	0.164970
2895	0.165031
2896	0.164976
2897	0.164938
2898	0.165026
2899	0.165029
2900	0.164963
2901	0.165031
2902	0.165019
2903	0.164929
2904	0.164898
2905	0.164880
2906	0.164847
2907	0.164815
2908	0.164800
2909	0.164827
2910	0.164810
2911	0.164803
2912	0.164742
2913	0.164724
2914	0.164804
2915	0.164975
2916	0.165029
2917	0.165040
2918	0.165162
2919	0.165133
2920	0.165142
2921	0.165186
2922	0.165128
2923	0.165092
2924	0.165020
2925	0.164882
2926	0.164758
2927	0.164521
2928	0.164312
2929	0.164132
2930	0.163940
2931	0.163661
2932	0.163514
2933	0.163413
2934	0.163230
2935	0.163091
2936	0.162952
2937	0.162782
2938	0.162582
2939	0.162387
2940	0.162257
2941	0.162206
2942	0.162118
2943	0.162114
2944	0.161982
2945	0.161941
2946	0.161881
2947	0.161903
2948	0.161848
2949	0.161807
2950	0.161693
2951	0.161599
2952	0.161513
2953	0.161424
2954	0.161214
2955	0.161070
2956	0.160891
2957	0.160623
2958	0.160370
2959	0.159968
2960	0.159577
2961	0.159060
2962	0.158597
2963	0.158131
2964	0.157492
2965	0.156973
2966	0.156324
2967	0.155734
2968	0.155153
2969	0.154466
2970	0.153816
2971	0.153192
2972	0.152602
2973	0.152098
2974	0.151570
2975	0.151020
2976	0.150450
2977	0.149917
2978	0.149317
2979	0.148757
2980	0.148191
2981	0.147563
2982	0.147086
2983	0.146734
2984	0.146262
2985	0.145938
2986	0.145473
2987	0.145099
2988	0.144635
2989	0.144263
2990	0.143868
2991	0.143521
2992	0.143188
2993	0.142842
2994	0.142433
2995	0.142078
2996	0.141722
2997	0.141333
2998	0.140950
2999	0.140577
3000	0.140095
3001	0.139527
3002	0.138983
3003	0.138611
3004	0.138106
3005	0.137595
3006	0.136980
3007	0.136393
3008	0.135991
3009	0.135369
3010	0.134874
3011	0.134306
3012	0.133742
3013	0.133220
3014	0.132680
3015	0.132264
3016	0.131904
3017	0.131506
3018	0.131055
3019	0.130700
3020	0.130398
3021	0.130016
3022	0.129657
3023	0.129430
3024	0.129225
3025	0.129089
3026	0.128930
3027	0.128929
3028	0.128919
3029	0.128966
3030	0.129008
3031	0.129154
3032	0.129234
3033	0.129466
3034	0.129593
3035	0.129788
3036	0.129838
3037	0.130062
3038	0.130212
3039	0.130360
3040	0.130453
3041	0.130411
3042	0.130468
3043	0.130545
3044	0.130578
3045	0.130602
3046	0.130618
3047	0.130807
3048	0.130813
3049	0.130810
3050	0.130707
3051	0.130637
3052	0.130570
3053	0.130603
3054	0.130589
3055	0.130512
3056	0.130345
3057	0.130152
3058	0.129929
3059	0.129677
3060	0.129452
3061	0.129282
3062	0.129262
3063	0.129048
3064	0.129020
3065	0.128838
3066	0.128761
3067	0.128642
3068	0.128424
3069	0.128227
3070	0.128014
3071	0.127753
3072	0.127368
3073	0.127129
3074	0.126929
3075	0.126649
3076	0.126409
3077	0.126212
3078	0.126088
3079	0.125826
3080	0.125482
3081	0.125150
3082	0.124946
3083	0.124714
3084	0.124458
3085	0.124214
3086	0.123766
3087	0.123609
3088	0.123396
3089	0.123134
3090	0.122782
3091	0.122297
3092	0.121981
3093	0.121741
3094	0.121424
3095	0.120928
3096	0.120433
3097	0.120020
3098	0.119617
3099	0.119182
3100	0.118715
3101	0.118202
3102	0.117853
3103	0.117304
3104	0.116958
3105	0.116721
3106	0.116512
3107	0.115950
3108	0.115589
3109	0.115312
3110	0.114994
3111	0.114914
3112	0.114807
3113	0.114574
3114	0.114431
3115	0.114150
3116	0.113863
3117	0.113688
3118	0.113520
3119	0.113274
3120	0.113158
3121	0.112987
3122	0.112855
3123	0.112775
3124	0.112716
3125	0.112634
3126	0.112629
3127	0.112534
3128	0.112572
3129	0.112808
3130	0.112742
3131	0.112544
3132	0.112459
3133	0.112425
3134	0.112418
3135	0.112311
3136	0.112240
3137	0.111979
3138	0.111723
3139	0.111705
3140	0.111704
3141	0.111725
3142	0.111823
3143	0.111857
3144	0.111920
3145	0.111937
3146	0.112057
3147	0.111871
3148	0.111926
3149	0.111910
3150	0.111833
3151	0.111799
3152	0.111841
3153	0.111710
3154	0.111505
3155	0.111437
3156	0.111586
3157	0.111738
3158	0.112038
3159	0.112319
3160	0.112584
3161	0.112643
3162	0.112710
3163	0.112536
3164	0.112443
3165	0.112341
3166	0.112056
3167	0.111895
3168	0.111743
3169	0.111631
3170	0.111338
3171	0.111158
3172	0.110879
3173	0.110679
3174	0.110432
3175	0.110214
3176	0.110171
3177	0.109962
3178	0.109739
3179	0.109432
3180	0.109001
3181	0.108553
3182	0.108058
3183	0.107506
3184	0.106989
3185	0.106369
3186	0.105811
3187	0.105222
3188	0.104710
3189	0.104152
3190	0.103637
3191	0.103202
3192	0.102874
3193	0.102615
3194	0.102103
3195	0.101774
3196	0.101381
3197	0.100896
3198	0.100647
3199	0.100375
3200	0.100119
3201	0.099829
3202	0.099422
3203	0.099121
3204	0.098964
3205	0.098752
3206	0.098567
3207	0.098864
3208	0.099132
3209	0.099105
3210	0.098950
3211	0.099009
3212	0.098874
3213	0.098913
3214	0.098997
3215	0.099013
3216	0.099084
3217	0.099098
3218	0.099314
3219	0.099442
3220	0.099843
3221	0.100143
3222	0.100479
3223	0.101096
3224	0.101261
3225	0.101617
3226	0.101926
3227	0.102484
3228	0.102797
3229	0.103084
3230	0.103612
3231	0.104147
3232	0.104292
3233	0.104507
3234	0.104974
3235	0.104996
3236	0.105612
3237	0.106039
3238	0.106594
3239	0.106982
3240	0.107550
3241	0.108016
3242	0.108672
3243	0.109274
3244	0.109656
3245	0.110129
3246	0.110847
3247	0.111255
3248	0.111811
3249	0.112332
3250	0.113031
3251	0.113471
3252	0.114093
3253	0.114986
3254	0.115871
3255	0.116685
3256	0.117599
3257	0.118421
3258	0.119545
3259	0.120521
3260	0.121508
3261	0.122384
3262	0.123150
3263	0.123897
3264	0.124782
3265	0.125623
3266	0.126288
3267	0.127016
3268	0.127421
3269	0.127695
3270	0.128175
3271	0.128717
3272	0.128960
3273	0.129334
3274	0.129639
3275	0.129705
3276	0.129586
3277	0.129732
3278	0.129952
3279	0.130120
3280	0.130303
3281	0.130263
3282	0.130356
3283	0.130186
3284	0.129633
3285	0.129152
3286	0.128777
3287	0.128541
3288	0.128379
3289	0.128052
3290	0.127638
3291	0.127160
3292	0.126553
3293	0.125875
3294	0.124783
3295	0.123570
3296	0.122436
3297	0.121056
3298	0.119752
3299	0.118397
3300	0.117065
3301	0.115627
3302	0.114271
3303	0.112745
3304	0.110940
3305	0.109152
3306	0.107495
3307	0.105910
3308	0.104325
3309	0.103115
3310	0.101847
3311	0.099984
3312	0.097859
3313	0.096271
3314	0.094773
3315	0.093239
3316	0.091641
3317	0.089917
3318	0.088702
3319	0.087021
3320	0.085520
3321	0.084064
3322	0.082743
3323	0.080868
3324	0.079368
3325	0.078249
3326	0.076987
3327	0.076187
3328	0.075600
3329	0.074830
3330	0.073264
3331	0.071351
3332	0.069937
3333	0.068206
3334	0.065526
3335	0.062476
3336	0.061298
3337	0.059599
3338	0.057275
3339	0.054924
3340	0.051945
3341	0.049629
3342	0.048380
3343	0.047904
3344	0.047615
3345	0.048082
3346	0.046148
3347	0.044512
3348	0.042692
3349	0.041260
3350	0.038563
3351	0.039376
3352	0.039596
3353	0.043116
3354	0.043346
3355	0.050319
3356	0.050997
3357	0.048894
