1	0.203806
2	0.194403
3	0.177216
4	0.136385
5	0.128351
6	0.074645
7	0.151935
8	0.153871
9	0.162126
10	0.174303
11	0.161287
12	0.125447
13	0.138905
14	0.149905
15	0.138341
16	0.166580
17	0.179621
18	0.207460
19	0.218104
20	0.278527
21	0.305411
22	0.314148
23	0.283173
24	0.396747
25	0.334519
26	0.268252
27	0.285979
28	0.266904
29	0.278995
30	0.201810
31	0.199801
32	0.136574
33	0.206005
34	0.248754
35	0.260582
36	0.336171
37	0.334758
38	0.326746
39	0.357219
40	0.354976
41	0.290309
42	0.372619
43	0.397846
44	0.369891
45	0.402393
46	0.397774
47	0.391481
48	0.428789
49	0.403427
50	0.394903
51	0.421337
52	0.429184
53	0.425703
54	0.449855
55	0.453150
56	0.445217
57	0.430744
58	0.433853
59	0.388721
60	0.369836
61	0.381032
62	0.373934
63	0.361309
65	0.384938
67	0.347507
68	0.344008
69	0.335911
70	0.315426
71	0.315095
72	0.284561
73	0.287234
74	0.299446
75	0.381414
76	0.386387
77	0.380213
78	0.348280
79	0.289683
80	0.317895
81	0.312481
82	0.275459
83	0.298023
84	0.303575
85	0.358637
86	0.331343
87	0.349333
88	0.369919
89	0.360947
90	0.282804
91	0.300197
92	0.268506
93	0.237197
94	0.217606
95	0.166853
96	0.167132
97	0.109658
98	0.162050
99	0.115119
100	0.146142
101	0.115774
102	0.132651
103	0.139286
104	0.204198
105	0.258887
106	0.230398
107	0.208408
108	0.248759
110	0.274786
111	0.329242
112	0.297693
113	0.283441
114	0.290474
115	0.309847
116	0.298069
117	0.302426
118	0.375158
119	0.358133
120	0.376013
121	0.380379
122	0.369402
123	0.363930
124	0.304382
125	0.330984
126	0.319159
127	0.294854
128	0.293197
129	0.283938
130	0.310589
131	0.275209
132	0.305124
133	0.272525
134	0.287705
135	0.311193
136	0.331877
137	0.379261
138	0.371807
139	0.358525
140	0.327698
141	0.363746
142	0.339312
143	0.291179
144	0.290774
145	0.215887
146	0.215235
147	0.191751
148	0.214758
149	0.219104
150	0.241220
151	0.243524
152	0.253630
153	0.247111
154	0.244485
155	0.252815
156	0.341176
157	0.368211
158	0.352120
159	0.387285
160	0.397378
161	0.408222
162	0.400409
163	0.416809
164	0.410583
165	0.489061
166	0.482108
167	0.472275
168	0.489778
169	0.433162
170	0.414935
171	0.443151
172	0.454630
173	0.513255
174	0.484867
175	0.424851
176	0.440259
177	0.448207
178	0.468427
179	0.470051
180	0.427421
181	0.445398
182	0.386938
183	0.389819
184	0.347796
185	0.301788
186	0.338640
187	0.323778
188	0.305495
189	0.297118
190	0.338472
191	0.357139
192	0.312484
193	0.301225
194	0.286767
195	0.298661
196	0.300080
197	0.289864
198	0.316009
199	0.335646
200	0.288874
201	0.251013
202	0.203968
203	0.199143
204	0.209575
205	0.214265
206	0.210912
207	0.288559
208	0.289589
209	0.269952
210	0.291484
211	0.265597
212	0.277248
213	0.315782
214	0.383276
215	0.404022
216	0.397031
217	0.407491
219	0.339382
220	0.350166
221	0.364715
222	0.389970
223	0.349272
224	0.358019
225	0.367419
226	0.335382
227	0.394959
228	0.385521
229	0.388557
230	0.413103
231	0.433682
232	0.444006
233	0.375895
234	0.407016
235	0.405099
237	0.573897
238	0.593933
239	0.605054
240	0.569489
241	0.589680
242	0.574635
243	0.655429
244	0.667865
245	0.628657
246	0.652715
247	0.733680
248	0.744429
249	0.761762
250	0.753881
251	0.727621
252	0.744077
253	0.731207
254	0.727739
255	0.764831
256	0.755013
257	0.765547
258	0.580269
259	0.535999
260	0.539739
261	0.580349
262	0.593246
263	0.614466
264	0.605581
265	0.609299
266	0.630592
267	0.637695
268	0.591265
269	0.613162
270	0.600059
271	0.531602
272	0.544452
273	0.559186
274	0.630880
275	0.572740
276	0.553086
277	0.558278
278	0.557397
279	0.556613
280	0.593920
281	0.640123
282	0.619876
283	0.605620
284	0.630368
285	0.616694
286	0.588446
287	0.577286
288	0.534848
289	0.601228
291	0.583386
292	0.647411
293	0.663434
294	0.664743
295	0.669250
296	0.659538
297	0.653994
298	0.665353
299	0.616982
300	0.622613
301	0.563884
302	0.571532
303	0.562792
304	0.569259
305	0.579756
306	0.612225
307	0.588581
308	0.574860
309	0.531480
310	0.537355
312	0.500304
313	0.509653
314	0.514926
315	0.534356
316	0.546029
317	0.482045
318	0.474698
319	0.451348
320	0.462572
321	0.473409
322	0.480896
323	0.487884
324	0.501352
325	0.478854
326	0.482838
327	0.500434
328	0.521066
329	0.519142
330	0.578201
331	0.591720
332	0.606263
333	0.626530
334	0.654240
335	0.645456
336	0.650531
337	0.648670
338	0.619467
339	0.649437
340	0.665610
341	0.666202
342	0.665435
343	0.698610
344	0.708510
345	0.692578
346	0.661088
347	0.664347
348	0.681154
349	0.680709
350	0.680762
351	0.683986
352	0.700786
353	0.702179
354	0.725695
355	0.722039
356	0.740874
357	0.730924
359	0.735579
360	0.741920
362	0.757241
363	0.769873
364	0.763497
365	0.772782
366	0.782154
367	0.789272
368	0.808424
369	0.800893
370	0.804440
371	0.793873
372	0.811045
373	0.799712
374	0.801474
375	0.780560
376	0.771988
377	0.739283
378	0.742705
379	0.740537
380	0.738889
381	0.748269
382	0.745172
383	0.753293
384	0.737415
385	0.744712
386	0.739282
387	0.741496
388	0.743708
389	0.749101
390	0.743229
391	0.729415
392	0.733020
393	0.717232
394	0.736899
395	0.720223
396	0.723228
397	0.745137
398	0.734059
399	0.705666
400	0.689650
401	0.694045
402	0.690715
403	0.694411
404	0.709322
405	0.691456
406	0.700654
408	0.712861
409	0.710823
410	0.715298
411	0.723988
412	0.751268
413	0.757754
414	0.754576
415	0.754429
416	0.732723
417	0.734107
418	0.733605
419	0.740309
420	0.734112
421	0.719292
422	0.694448
423	0.681763
424	0.678187
425	0.663153
426	0.662277
427	0.660516
428	0.676284
429	0.655074
430	0.680354
431	0.664583
432	0.626413
433	0.623291
434	0.612670
435	0.634256
436	0.596256
437	0.603372
439	0.623466
440	0.615590
441	0.621406
442	0.611027
443	0.611030
444	0.621714
445	0.631395
446	0.634682
447	0.633043
448	0.651401
449	0.629674
450	0.641734
451	0.647556
452	0.639520
453	0.633244
454	0.621777
455	0.622299
456	0.636515
457	0.626346
458	0.634774
459	0.651823
460	0.678458
461	0.685114
462	0.716401
463	0.718609
464	0.708619
465	0.715532
466	0.723257
467	0.716054
468	0.717329
469	0.679954
470	0.650725
471	0.633131
472	0.602712
473	0.570186
474	0.558930
475	0.555776
476	0.558086
477	0.552468
478	0.563484
479	0.579089
480	0.578769
481	0.588430
482	0.560438
483	0.515864
484	0.533402
485	0.549508
486	0.547468
487	0.572470
488	0.600701
489	0.613937
490	0.630425
491	0.635413
492	0.637016
493	0.691573
494	0.701860
495	0.681542
496	0.674997
497	0.651011
498	0.649127
499	0.615341
500	0.621502
501	0.623071
502	0.634282
503	0.619513
504	0.601208
505	0.597620
506	0.610061
507	0.638893
509	0.664216
510	0.674344
511	0.671787
512	0.670211
513	0.686289
515	0.686885
516	0.649501
517	0.675396
518	0.672092
519	0.677622
521	0.706566
522	0.699097
523	0.722967
524	0.713964
526	0.728318
527	0.730088
528	0.717727
529	0.729239
530	0.718985
531	0.716220
532	0.730096
533	0.738850
534	0.739306
535	0.723534
536	0.743425
537	0.753717
538	0.752742
539	0.756746
540	0.756201
541	0.761908
542	0.773042
543	0.772660
544	0.755936
545	0.762324
546	0.752577
547	0.754903
548	0.753175
549	0.740756
550	0.743116
551	0.734888
552	0.735379
553	0.740245
554	0.736976
555	0.742495
556	0.748032
557	0.752194
558	0.755539
559	0.747102
560	0.753399
561	0.756584
562	0.751432
563	0.747325
564	0.755643
565	0.752493
566	0.767916
567	0.765989
568	0.766700
569	0.778736
570	0.778589
571	0.792455
572	0.791587
573	0.776249
574	0.772867
575	0.773370
576	0.775320
577	0.782932
578	0.792841
579	0.767570
580	0.771664
581	0.780779
582	0.799708
583	0.805401
584	0.806277
585	0.816234
586	0.797151
587	0.804388
588	0.801493
589	0.812687
590	0.793810
592	0.795628
593	0.797870
594	0.790547
595	0.789773
596	0.791405
597	0.787700
598	0.779308
599	0.786606
600	0.795349
601	0.797910
602	0.807960
603	0.800240
604	0.809661
606	0.831234
607	0.797596
608	0.786411
610	0.816412
611	0.789379
612	0.789333
613	0.792077
614	0.792089
615	0.783034
616	0.799130
617	0.801831
618	0.822790
619	0.827687
620	0.820821
621	0.809470
622	0.809890
623	0.788048
624	0.789372
625	0.804125
626	0.797866
627	0.802386
628	0.803171
629	0.802572
630	0.792019
631	0.796823
632	0.790840
633	0.773735
634	0.758719
635	0.744447
636	0.728970
637	0.738450
638	0.715941
639	0.727211
640	0.691608
641	0.695393
642	0.695782
643	0.698158
644	0.680076
645	0.684139
646	0.677086
647	0.660810
648	0.672895
649	0.649109
650	0.657187
651	0.661943
652	0.659536
653	0.661657
654	0.667222
655	0.651265
656	0.639498
657	0.681752
658	0.632475
659	0.606098
660	0.595507
662	0.587821
663	0.589095
664	0.603859
665	0.601386
666	0.607321
667	0.593263
668	0.593834
669	0.594050
670	0.603698
671	0.587262
672	0.588793
673	0.582129
674	0.547666
675	0.538390
676	0.554052
677	0.514870
678	0.547479
679	0.554546
680	0.570606
681	0.562462
682	0.520941
684	0.524687
685	0.528320
686	0.528114
687	0.577345
688	0.576311
689	0.577852
690	0.569283
691	0.581466
692	0.583484
693	0.570590
694	0.584185
695	0.584306
696	0.585213
697	0.624419
698	0.615885
699	0.642753
700	0.649658
701	0.660493
702	0.672118
703	0.695482
704	0.692722
705	0.702567
706	0.699417
707	0.694609
708	0.681130
709	0.676649
710	0.673372
711	0.689539
712	0.685838
713	0.689343
714	0.688288
715	0.690329
716	0.699688
717	0.687929
718	0.696068
719	0.702029
720	0.705198
721	0.696673
722	0.725020
723	0.735271
724	0.736746
725	0.728533
726	0.739822
727	0.733958
728	0.746174
729	0.752706
730	0.755160
731	0.754546
732	0.749836
733	0.747149
734	0.761010
735	0.778029
736	0.780653
737	0.778859
738	0.772175
739	0.772785
740	0.778196
741	0.778665
742	0.771572
743	0.769350
744	0.768728
746	0.764587
747	0.763217
748	0.765064
749	0.752649
750	0.740656
751	0.726346
752	0.688526
753	0.682635
754	0.688127
755	0.720440
756	0.726371
757	0.751997
758	0.768200
759	0.778284
760	0.766261
761	0.779378
762	0.782070
763	0.767080
764	0.780846
765	0.776678
766	0.781757
767	0.780919
768	0.776029
769	0.759127
770	0.760312
771	0.758566
772	0.765793
773	0.751914
774	0.742571
775	0.741986
776	0.750813
777	0.762668
778	0.753006
779	0.759591
780	0.757475
781	0.769147
782	0.728203
783	0.726062
784	0.742410
785	0.736420
786	0.748502
787	0.743585
788	0.735363
789	0.728285
790	0.720616
791	0.696586
792	0.698750
793	0.704991
794	0.705377
796	0.697589
797	0.701233
798	0.696638
799	0.679995
800	0.674351
801	0.654597
802	0.660887
803	0.660350
804	0.634861
805	0.640758
806	0.633983
807	0.601358
808	0.572385
809	0.558546
810	0.553058
811	0.544826
812	0.543810
813	0.601883
814	0.611339
815	0.641555
817	0.658790
818	0.672741
819	0.673299
820	0.683584
821	0.660400
822	0.651677
823	0.648098
824	0.634700
825	0.633231
826	0.628480
827	0.616783
828	0.596711
829	0.594995
830	0.530870
831	0.530711
832	0.547531
833	0.534595
834	0.524874
835	0.514679
836	0.534535
837	0.564631
838	0.561219
839	0.530020
840	0.556094
841	0.559002
842	0.587644
843	0.596965
844	0.611952
845	0.645059
846	0.645155
847	0.654708
848	0.662635
850	0.664316
851	0.656136
852	0.683043
853	0.688407
854	0.696840
855	0.694278
856	0.694310
857	0.687315
858	0.685215
859	0.681898
860	0.666889
861	0.653796
862	0.646757
863	0.634880
864	0.648787
865	0.656340
866	0.650364
867	0.696319
868	0.676059
869	0.686811
870	0.684722
871	0.680176
872	0.664614
873	0.676648
874	0.628335
875	0.607600
876	0.599293
877	0.606149
878	0.606931
879	0.599626
880	0.599741
881	0.594830
882	0.591550
883	0.574237
884	0.522810
885	0.496214
886	0.492028
887	0.471003
888	0.462947
889	0.444424
890	0.446683
891	0.465254
892	0.460196
893	0.461497
894	0.443782
895	0.449637
896	0.414089
897	0.411463
898	0.413076
899	0.396898
900	0.400373
901	0.392211
902	0.381588
903	0.383895
904	0.390990
905	0.387831
906	0.370830
907	0.367903
908	0.353462
909	0.389693
910	0.376045
911	0.373756
912	0.370486
913	0.413115
914	0.402171
916	0.372710
917	0.356696
918	0.359852
919	0.372631
920	0.400867
921	0.394726
922	0.414997
923	0.429428
924	0.477569
925	0.463047
926	0.504010
927	0.499911
928	0.506329
929	0.501923
930	0.498660
931	0.504871
932	0.513313
933	0.500779
934	0.537521
935	0.526765
936	0.538616
937	0.539563
938	0.526668
939	0.536966
940	0.557933
941	0.567085
942	0.563837
943	0.568601
944	0.547606
945	0.540357
946	0.535299
947	0.535191
948	0.513166
949	0.544005
950	0.545706
951	0.539549
952	0.551015
953	0.500173
954	0.444616
955	0.433347
956	0.469448
957	0.452468
958	0.480559
959	0.492806
960	0.520267
961	0.503285
962	0.456241
963	0.459898
964	0.457874
965	0.458866
966	0.439459
967	0.441105
968	0.430143
969	0.483967
970	0.479338
971	0.495427
972	0.470341
973	0.470384
974	0.474091
975	0.369605
976	0.367641
977	0.352359
978	0.351711
979	0.377096
980	0.371831
981	0.381902
982	0.385632
983	0.313492
984	0.295799
985	0.327436
986	0.348419
987	0.345459
988	0.321354
989	0.320771
990	0.365558
991	0.328036
992	0.337080
993	0.357648
994	0.344301
995	0.343401
996	0.349108
997	0.235902
998	0.214357
999	0.223389
1000	0.146954
1001	0.158106
1002	0.153545
1003	0.175529
1004	0.191461
1005	0.195329
1006	0.195105
1007	0.218290
1008	0.202141
1009	0.196610
1010	0.185258
1011	0.218257
1012	0.215789
1013	0.163825
1014	0.182989
1015	0.166470
1016	0.134903
1017	0.113134
1018	0.159478
1019	0.130106
1020	0.119642
1021	0.150455
1022	0.088056
1023	0.073746
1024	0.078191
1025	0.127983
1026	0.147158
1027	0.141414
1028	0.144166
1029	0.161707
1030	0.141305
1031	0.063351
1032	0.081065
1033	0.138893
1034	0.114608
1035	0.142711
1036	0.139007
1037	0.099207
1038	0.109670
1039	0.150895
1040	0.158193
1041	0.152934
1042	0.177491
1043	0.184075
1044	0.179319
1045	0.181806
1046	0.143445
1047	0.156932
1048	0.110740
1049	0.160155
1050	0.160745
1051	0.157515
1052	0.186355
1053	0.151395
1054	0.080348
1055	0.024656
1056	0.044937
1057	0.020757
1058	0.083091
1059	0.121170
1060	0.164548
1061	0.231173
1062	0.329190
1063	0.413725
1064	0.415128
1065	0.424208
1066	0.413934
1067	0.450647
1068	0.460172
1069	0.461464
1070	0.414757
1071	0.444316
1072	0.444536
1073	0.432366
1074	0.496541
1076	0.542333
1077	0.566828
1078	0.561882
1079	0.584496
1080	0.570694
1081	0.554754
1082	0.560365
1083	0.452504
1084	0.420717
1085	0.425311
1086	0.460221
1087	0.444867
1088	0.453503
1089	0.457194
1090	0.461201
1091	0.410709
1092	0.431384
1093	0.464417
1094	0.476457
1095	0.373776
1096	0.358024
1097	0.369073
1098	0.363044
1099	0.445092
1100	0.447039
1101	0.433180
1102	0.444139
1103	0.384353
1104	0.362603
1105	0.370172
1106	0.356279
1107	0.389373
1108	0.427191
1109	0.429126
1110	0.424168
1111	0.408589
1112	0.413863
1113	0.402776
1114	0.432758
1115	0.420399
1116	0.427127
1117	0.457904
1118	0.423306
1119	0.425775
1120	0.418403
1121	0.421545
1122	0.428470
1123	0.495205
1124	0.472776
1125	0.446218
1126	0.438585
1127	0.464815
1128	0.527044
1129	0.533153
1130	0.500211
1131	0.524651
1132	0.507703
1133	0.517159
1134	0.508230
1135	0.594959
1136	0.572846
1137	0.589107
1138	0.594765
1139	0.602778
1140	0.615922
1141	0.610242
1142	0.566233
1143	0.542498
1144	0.547240
1145	0.517724
1146	0.509858
1147	0.484841
1148	0.496634
1149	0.499214
1150	0.457429
1151	0.439973
1152	0.453805
1154	0.544744
1155	0.503477
1156	0.450234
1157	0.487159
1158	0.487542
1159	0.489403
1160	0.555283
1161	0.549529
1162	0.509014
1163	0.521763
1164	0.483345
1165	0.473921
1166	0.432817
1167	0.453542
1168	0.482512
1169	0.476766
1170	0.509758
1171	0.510077
1172	0.504606
1173	0.495683
1174	0.524947
1175	0.501113
1176	0.494328
1177	0.485846
1178	0.589598
1179	0.570133
1180	0.591170
1181	0.519924
1182	0.504768
1183	0.518495
1184	0.535725
1185	0.497413
1186	0.475043
1187	0.482358
1188	0.451355
1189	0.445930
1190	0.445675
1191	0.445031
1192	0.447798
1193	0.454927
1194	0.460718
1195	0.502886
1196	0.526036
1197	0.531530
1198	0.551616
1199	0.563106
1200	0.566348
1201	0.571985
1202	0.564884
1203	0.613856
1204	0.610412
1205	0.595883
1206	0.593651
1207	0.588585
1208	0.527765
1209	0.559237
1210	0.533375
1211	0.526300
1212	0.542650
1213	0.531351
1214	0.527571
1215	0.502450
1216	0.534298
1217	0.542741
1218	0.526537
1219	0.480372
1220	0.486157
1221	0.481615
1223	0.493542
1224	0.445607
1225	0.478818
1226	0.445568
1227	0.435547
1228	0.418908
1229	0.405261
1230	0.428113
1231	0.406078
1232	0.436716
1233	0.427265
1234	0.460288
1236	0.376257
1237	0.310887
1238	0.402218
1239	0.358959
1240	0.377197
1241	0.354032
1242	0.329151
1243	0.275926
1244	0.245862
1245	0.240664
1246	0.255843
1247	0.285988
1248	0.316883
1249	0.326028
1250	0.323333
1251	0.372746
1252	0.392061
1253	0.352887
1254	0.404451
1255	0.400452
1256	0.414583
1257	0.387859
1258	0.399635
1259	0.361232
1260	0.377807
1261	0.384773
1262	0.412799
1263	0.432248
1264	0.461742
1265	0.472394
1266	0.513753
1267	0.506972
1268	0.489508
1269	0.481738
1270	0.545581
1271	0.488163
1272	0.525665
1273	0.528318
1274	0.539986
1275	0.536010
1276	0.582927
1277	0.606130
1278	0.552877
1279	0.544920
1280	0.548146
1281	0.547372
1282	0.558234
1283	0.547703
1284	0.554924
1285	0.517493
1286	0.460782
1287	0.398642
1288	0.417249
1289	0.428298
1290	0.409862
1291	0.401716
1292	0.414210
1293	0.364405
1294	0.374854
1295	0.326277
1296	0.321880
1297	0.295627
1299	0.303664
1300	0.317143
1301	0.339195
1302	0.382105
1303	0.380666
1304	0.394314
1305	0.412818
1306	0.375461
1307	0.363895
1308	0.388724
1310	0.362483
1311	0.356495
1312	0.320138
1313	0.288943
1314	0.314870
1315	0.330048
1316	0.347558
1317	0.343891
1318	0.376882
1319	0.407539
1320	0.404391
1321	0.402644
1322	0.371477
1323	0.348661
1324	0.370789
1325	0.300996
1326	0.277487
1327	0.260939
1328	0.279775
1329	0.307285
1330	0.305410
1331	0.301611
1332	0.316141
1333	0.299857
1334	0.271619
1335	0.280451
1336	0.288559
1337	0.292940
1338	0.332524
1339	0.349086
1340	0.360973
1341	0.370511
1342	0.398116
1343	0.428164
1344	0.431523
1345	0.409407
1346	0.334681
1347	0.315389
1348	0.276243
1349	0.246937
1350	0.287488
1351	0.299261
1352	0.273241
1353	0.297076
1354	0.322954
1355	0.302921
1356	0.312509
1357	0.320617
1358	0.341985
1359	0.291516
1360	0.334547
1361	0.328408
1362	0.308841
1363	0.295037
1364	0.245874
1365	0.220145
1366	0.201444
1367	0.171850
1368	0.158555
1369	0.165050
1370	0.171473
1371	0.167442
1372	0.153457
1373	0.141159
1374	0.146721
1375	0.159325
1376	0.148322
1377	0.194150
1378	0.174939
1379	0.198987
1380	0.143197
1381	0.135867
1382	0.142851
1383	0.114572
1384	0.112639
1385	0.105886
1386	0.118752
1387	0.120414
1388	0.133601
1389	0.127639
1390	0.134481
1391	0.136424
1392	0.150664
1393	0.108087
1394	0.101603
1395	0.123543
1396	0.135942
1397	0.125636
1398	0.073140
1399	0.072630
1400	0.083021
1401	0.142304
1402	0.245492
1403	0.241370
1404	0.235032
1405	0.289225
1406	0.320107
1407	0.353223
1408	0.352738
1409	0.343204
1410	0.385687
1411	0.395647
1412	0.429616
1413	0.485997
1414	0.497635
1415	0.547372
1416	0.582941
1417	0.568965
1418	0.611953
1419	0.601271
1420	0.603218
1421	0.591977
1422	0.589600
1423	0.612029
1424	0.630426
1425	0.655525
1426	0.644186
1427	0.671172
1428	0.669993
1429	0.645459
1430	0.633729
1431	0.672941
1432	0.665604
1433	0.731174
1434	0.718684
1435	0.709106
1436	0.645038
1437	0.664333
1438	0.653000
1439	0.637708
1440	0.631427
1441	0.619931
1442	0.594085
1443	0.583897
1444	0.533238
1445	0.534789
1446	0.536773
1447	0.492815
1448	0.462282
1449	0.410958
1450	0.429693
1451	0.359899
1452	0.384030
1453	0.398867
1454	0.397741
1455	0.398226
1456	0.427595
1457	0.428422
1458	0.433887
1459	0.423184
1460	0.434580
1461	0.394926
1462	0.365006
1463	0.372413
1464	0.229920
1465	0.224680
1466	0.166402
1467	0.187247
1468	0.185010
1469	0.190651
1470	0.221882
1471	0.233498
1472	0.245886
1473	0.212536
1474	0.232959
1475	0.216865
1476	0.230356
1477	0.214855
1478	0.199622
1479	0.178186
1480	0.147630
1481	0.150030
1482	0.193862
1483	0.168909
1484	0.155687
1485	0.168433
1486	0.118665
1487	0.117853
1488	0.116012
1489	0.144341
1490	0.139860
1491	0.170034
1492	0.201290
1493	0.190600
1494	0.246856
1495	0.245084
1496	0.227040
1497	0.214542
1498	0.227269
1499	0.275297
1500	0.277303
1501	0.244157
1502	0.246667
1503	0.260099
1504	0.234943
1505	0.222087
1506	0.223354
1507	0.221244
1508	0.213578
1509	0.207766
1510	0.203134
1511	0.271074
1512	0.323566
1513	0.346100
1514	0.374644
1515	0.361722
1516	0.365359
1517	0.365989
1518	0.350639
1519	0.343958
1520	0.416095
1521	0.455657
1522	0.435789
1523	0.442450
1524	0.489660
1525	0.497484
1526	0.513070
1527	0.451399
1528	0.440303
1529	0.436207
1530	0.429425
1531	0.352758
1532	0.324826
1533	0.350656
1534	0.371997
1535	0.385099
1536	0.399701
1537	0.366756
1538	0.332764
1539	0.320869
1540	0.348581
1541	0.317646
1542	0.317853
1543	0.250826
1544	0.253437
1545	0.180656
1546	0.182769
1547	0.140566
1548	0.126691
1549	0.082968
1550	0.083374
1551	0.066676
1552	0.064647
1553	0.081208
1554	0.104459
1555	0.073020
1556	0.059013
1557	0.043624
1558	0.040548
1559	0.051727
1560	0.033814
1561	0.047576
1562	0.056882
1564	0.076243
1565	0.086395
1566	0.082683
1567	0.095519
1568	0.044689
1569	0.031762
1571	0.064279
1572	0.051094
1573	0.052352
1574	0.066242
1575	0.062034
1576	0.069393
1577	0.073966
1578	0.065857
1579	0.051294
1580	0.078008
1581	0.092639
1582	0.102429
1583	0.081953
1584	0.069148
1585	0.013615
1586	0.046186
1587	0.053957
1588	0.081022
1589	0.066270
1590	0.046250
1591	0.036278
1592	0.078430
1593	0.036816
1594	0.079655
1595	0.076828
1596	0.078841
1597	0.042651
1598	0.058223
1599	0.065505
1600	0.062044
1601	0.078380
1602	0.002374
1604	0.012947
1605	0.037153
1606	0.105046
1607	0.131118
1608	0.140695
1609	0.158294
1610	0.262200
1611	0.241529
1612	0.230804
1613	0.260872
1614	0.282828
1615	0.298403
1616	0.329066
1617	0.400676
1618	0.390246
1619	0.398574
1620	0.415280
1621	0.407973
1622	0.396345
1623	0.408182
1624	0.427222
1625	0.456198
1626	0.410602
1627	0.376605
1628	0.383046
1629	0.358580
1630	0.380917
1631	0.388975
1632	0.403410
1633	0.403273
1634	0.448595
1635	0.455026
1636	0.451359
1637	0.478815
1639	0.419591
1640	0.419574
1641	0.411459
1642	0.421459
1643	0.418982
1644	0.419996
1645	0.392632
1646	0.407210
1647	0.364221
1648	0.399847
1649	0.428525
1650	0.434195
1651	0.446976
1652	0.437270
1653	0.439898
1654	0.410013
1655	0.269876
1656	0.267996
1657	0.288426
1658	0.254726
1659	0.267459
1660	0.279131
1661	0.335960
1662	0.329671
1663	0.339855
1664	0.347605
1665	0.415416
1666	0.418290
1667	0.407799
1668	0.366345
1669	0.390898
1670	0.465364
1671	0.404851
1672	0.431648
1673	0.407260
1674	0.377758
1675	0.384190
1676	0.415310
1677	0.383776
1678	0.390432
1679	0.348256
1680	0.353582
1681	0.349628
1682	0.408108
1683	0.427788
1684	0.429696
1685	0.463722
1686	0.466953
1687	0.480123
1689	0.507323
1690	0.501739
1691	0.521851
1692	0.491239
1693	0.482368
1694	0.440907
1695	0.441154
1696	0.412356
1697	0.392801
1698	0.357627
1699	0.424462
1700	0.455657
1701	0.436667
1702	0.477529
1703	0.492199
1704	0.461836
1705	0.481365
1706	0.478545
1708	0.514976
1709	0.469047
1710	0.460280
1711	0.455101
1712	0.455757
1713	0.454105
1714	0.467504
1715	0.480547
1716	0.492344
1717	0.435653
1718	0.452791
1719	0.451924
1720	0.460500
1721	0.453774
1722	0.450363
1723	0.459096
1724	0.461639
1725	0.479369
1726	0.450278
1727	0.449366
1728	0.453631
1729	0.488686
1730	0.454889
1731	0.479201
1732	0.504010
1733	0.497337
1734	0.494927
1735	0.460395
1736	0.516174
1737	0.524962
1738	0.519486
1739	0.518118
1740	0.476804
1741	0.498739
1742	0.486335
1743	0.476773
1744	0.468686
1745	0.470196
1746	0.420765
1747	0.426538
1748	0.438649
1749	0.470103
1750	0.479450
1751	0.494678
1752	0.502577
1753	0.518025
1754	0.526894
1755	0.511912
1756	0.527158
1757	0.520373
1758	0.508089
1759	0.505201
1760	0.510767
1761	0.442843
1762	0.483146
1763	0.474120
1764	0.457565
1765	0.490066
1766	0.490349
1767	0.491645
1768	0.482059
1769	0.411332
1770	0.407639
1771	0.415310
1772	0.419361
1773	0.445023
1774	0.417684
1775	0.422863
1776	0.451090
1777	0.519325
1778	0.483581
1779	0.496486
1780	0.470858
1781	0.446451
1782	0.440242
1783	0.447032
1784	0.437999
1785	0.416069
1786	0.358137
1787	0.362605
1788	0.363443
1789	0.353602
1791	0.381068
1792	0.426809
1793	0.456305
1794	0.397396
1795	0.384830
1796	0.408119
1797	0.427913
1798	0.448863
1799	0.457556
1800	0.459072
1801	0.466654
1802	0.487807
1803	0.487551
1804	0.516372
1805	0.507684
1806	0.524275
1807	0.513643
1808	0.514333
1809	0.542641
1810	0.529312
1811	0.542689
1812	0.563259
1813	0.565090
1814	0.554500
1815	0.549236
1816	0.562687
1817	0.581660
1818	0.541217
1819	0.524882
1820	0.504503
1821	0.514307
1822	0.555752
1823	0.532715
1824	0.519362
1825	0.534155
1826	0.538208
1827	0.543882
1828	0.555037
1829	0.544562
1830	0.566922
1831	0.549641
1832	0.570054
1833	0.464028
1834	0.475940
1835	0.434977
1836	0.351032
1837	0.337567
1838	0.330387
1839	0.326623
1840	0.323570
1841	0.289828
1842	0.297584
1843	0.279101
1844	0.150206
1845	0.140316
1846	0.162369
1847	0.148528
1848	0.130067
1849	0.178563
1850	0.150962
1851	0.127462
1852	0.100375
1853	0.133280
1854	0.129132
1855	0.087337
1856	0.072926
1857	0.069395
1858	0.113548
1859	0.104916
1860	0.145558
1861	0.183308
1862	0.202593
1863	0.281779
1864	0.223627
1865	0.248128
1866	0.285942
1867	0.331524
1869	0.406935
1870	0.431156
1871	0.460874
1872	0.450214
1873	0.458838
1874	0.424733
1875	0.419567
1876	0.439124
1877	0.422266
1878	0.459101
1879	0.438516
1880	0.439780
1881	0.504486
1882	0.483197
1883	0.487148
1884	0.470783
1885	0.455244
1886	0.480054
1887	0.493559
1888	0.467482
1889	0.478886
1890	0.497276
1891	0.482524
1892	0.487841
1893	0.488634
1894	0.514570
1895	0.530441
1897	0.546733
1898	0.481912
1899	0.458370
1900	0.469441
1901	0.454936
1903	0.424256
1904	0.426685
1905	0.422532
1906	0.400354
1907	0.332129
1908	0.279938
1909	0.286924
1910	0.308040
1911	0.259934
1912	0.356111
1913	0.339966
1914	0.266606
1915	0.267997
1916	0.252297
1917	0.272369
1918	0.273862
1919	0.276623
1920	0.230667
1921	0.190671
1922	0.245325
1923	0.308435
1924	0.328619
1925	0.302042
1926	0.363783
1927	0.376677
1928	0.395192
1929	0.426525
1930	0.409039
1931	0.379045
1932	0.396278
1933	0.400159
1934	0.389432
1935	0.381293
1936	0.412893
1937	0.421373
1938	0.429800
1939	0.438796
1940	0.523903
1941	0.513550
1942	0.450411
1943	0.414850
1944	0.398377
1945	0.395761
1946	0.412303
1947	0.426984
1948	0.399094
1949	0.402814
1950	0.412917
1951	0.428050
1952	0.450768
1953	0.471984
1954	0.475828
1955	0.463604
1956	0.415080
1957	0.438322
1958	0.445942
1959	0.454693
1960	0.476795
1961	0.459914
1962	0.459888
1963	0.435205
1964	0.437907
1965	0.454077
1966	0.463717
1967	0.461988
1968	0.438876
1969	0.414583
1970	0.426829
1971	0.405317
1972	0.412742
1973	0.392926
1974	0.356516
1975	0.357283
1976	0.349421
1977	0.337071
1978	0.328598
1979	0.326380
1980	0.348641
1981	0.366499
1982	0.350591
1983	0.356350
1984	0.360517
1985	0.356397
1986	0.353114
1987	0.316569
1988	0.346974
1989	0.395224
1990	0.394523
1991	0.396634
1992	0.411384
1993	0.403428
1994	0.430919
1995	0.405581
1996	0.378438
1997	0.348968
1998	0.388637
1999	0.365565
2000	0.330777
2001	0.325545
2002	0.335748
2003	0.328087
2004	0.295236
2005	0.248888
2006	0.252315
2007	0.247182
2008	0.269460
2009	0.282544
2010	0.286873
2011	0.279237
2012	0.268234
2013	0.307760
2014	0.279064
2015	0.305978
2016	0.314168
2017	0.334956
2018	0.358017
2019	0.402793
2020	0.422365
2021	0.439099
2022	0.414061
2024	0.523722
2025	0.517712
2026	0.539292
2027	0.543013
2028	0.519643
2029	0.527061
2030	0.479148
2031	0.473891
2032	0.469167
2033	0.482322
2034	0.460908
2035	0.444143
2037	0.425983
2038	0.401846
2039	0.365733
2040	0.366682
2041	0.356215
2042	0.352766
2043	0.461010
2044	0.438732
2045	0.351119
2046	0.317634
2047	0.295942
2048	0.285719
2049	0.254253
2050	0.204388
2051	0.213735
2052	0.216533
2053	0.219559
2054	0.249285
2055	0.283747
2056	0.201142
2057	0.237694
2058	0.254749
2059	0.267671
2060	0.235358
2061	0.237804
2062	0.221724
2063	0.318405
2064	0.295954
2065	0.323387
2066	0.325543
2067	0.370757
2068	0.386179
2069	0.388732
2070	0.430393
2071	0.436848
2072	0.451535
2073	0.464431
2074	0.485573
2075	0.521143
2076	0.550510
2077	0.547893
2078	0.613853
2079	0.605696
2080	0.595858
2081	0.610896
2082	0.606588
2083	0.660613
2084	0.670741
2085	0.691427
2086	0.686905
2087	0.683789
2088	0.673989
2089	0.700966
2090	0.724579
2091	0.728906
2092	0.722029
2093	0.732687
2094	0.748845
2095	0.801746
2096	0.815953
2097	0.832542
2098	0.828965
2099	0.834900
2100	0.855663
2101	0.856936
2102	0.818288
2103	0.835400
2104	0.834912
2105	0.816464
2106	0.824583
2107	0.826827
2108	0.836688
2109	0.848613
2110	0.808934
2111	0.814452
2112	0.824815
2113	0.833881
2114	0.831493
2115	0.846821
2116	0.799564
2117	0.809853
2118	0.772626
2119	0.772953
2120	0.786839
2121	0.776972
2122	0.785356
2123	0.783593
2124	0.757676
2125	0.740287
2126	0.741127
2127	0.756255
2128	0.720317
2129	0.719076
2130	0.706214
2131	0.717103
2132	0.705375
2133	0.711393
2134	0.662741
2135	0.663648
2136	0.605650
2137	0.600364
2138	0.601856
2139	0.552390
2140	0.544751
2141	0.542841
2142	0.553373
2143	0.543858
2144	0.488022
2145	0.454258
2146	0.434293
2147	0.419877
2148	0.344139
2149	0.331908
2150	0.271963
2151	0.272248
2152	0.262954
2153	0.275247
2154	0.258091
2155	0.278058
2156	0.277103
2157	0.284986
2158	0.255217
2159	0.254458
2160	0.251458
2161	0.252763
2162	0.252057
2163	0.245714
2164	0.228131
2165	0.253474
2166	0.244800
2167	0.265864
2168	0.284105
2169	0.242181
2170	0.216644
2171	0.213197
2172	0.194516
2173	0.202350
2174	0.188725
2175	0.196654
2176	0.196357
2177	0.155672
2178	0.146991
2179	0.130367
2180	0.121413
2181	0.160988
2182	0.116016
2183	0.149454
2184	0.165730
2185	0.176630
2186	0.194950
2187	0.222295
2188	0.235269
2189	0.236087
2190	0.223667
2191	0.305335
2192	0.301941
2193	0.309805
2194	0.318352
2195	0.309311
2196	0.333194
2197	0.356449
2198	0.346869
2199	0.367641
2200	0.331747
2201	0.371019
2202	0.350478
2203	0.328977
2204	0.334043
2205	0.331839
2206	0.332496
2207	0.341311
2208	0.314112
2209	0.296070
2210	0.269999
2211	0.280761
2212	0.276257
2213	0.287926
2214	0.297128
2215	0.309182
2216	0.316362
2217	0.333677
2218	0.308059
2219	0.379596
2220	0.384359
2221	0.378716
2222	0.307235
2223	0.332228
2224	0.327866
2225	0.312503
2226	0.347751
2227	0.310626
2228	0.355113
2229	0.376432
2230	0.370022
2231	0.360037
2232	0.377092
2233	0.392439
2234	0.451852
2235	0.525901
2236	0.451114
2237	0.495085
2238	0.511274
2239	0.511320
2240	0.467335
2241	0.493045
2242	0.482102
2243	0.493384
2244	0.436159
2245	0.525971
2246	0.523235
2247	0.518685
2248	0.501303
2249	0.495305
2250	0.523715
2251	0.455399
2252	0.431348
2253	0.443505
2254	0.440055
2255	0.433734
2256	0.439332
2257	0.441496
2258	0.489054
2259	0.440212
2260	0.441466
2261	0.437594
2262	0.435469
2263	0.427246
2264	0.457978
2265	0.463203
2266	0.484203
2267	0.498836
2268	0.473988
2269	0.468088
2270	0.475658
2271	0.456037
2272	0.463156
2273	0.406537
2274	0.418083
2275	0.423081
2276	0.393163
2277	0.364459
2278	0.352103
2279	0.301351
2280	0.323818
2281	0.322104
2282	0.303483
2283	0.286129
2284	0.305467
2285	0.281418
2286	0.290132
2288	0.308844
2289	0.392879
2290	0.378735
2291	0.350710
2292	0.357013
2293	0.363061
2294	0.403507
2295	0.358342
2296	0.340957
2297	0.365972
2298	0.360966
2299	0.366353
2300	0.349226
2301	0.350346
2302	0.362060
2303	0.338134
2304	0.309219
2305	0.302808
2306	0.304450
2307	0.296253
2308	0.299556
2309	0.287580
2310	0.284944
2311	0.308110
2312	0.306564
2313	0.234707
2314	0.210240
2315	0.193414
2316	0.091728
2317	0.087476
2318	0.063631
2319	0.080773
2320	0.081252
2321	0.046853
2322	0.048568
2323	0.041851
2325	0.059695
2326	0.025420
2327	0.035971
2328	0.037333
2329	0.056012
2330	0.111764
2331	0.150017
2332	0.179633
2333	0.171984
2334	0.172483
2335	0.183207
2336	0.214334
2337	0.220917
2338	0.194868
2339	0.198359
2340	0.220892
2341	0.215943
2342	0.217549
2343	0.214913
2344	0.186514
2345	0.190698
2346	0.162455
2347	0.111678
2348	0.114506
2349	0.155240
2350	0.146656
2351	0.178787
2352	0.189450
2353	0.190703
2354	0.169521
2355	0.151747
2356	0.198503
2357	0.172138
2358	0.173889
2359	0.169964
2360	0.199883
2361	0.226565
2362	0.235442
2363	0.243248
2364	0.294139
2365	0.295174
2366	0.302949
2367	0.315321
2368	0.303780
2369	0.310349
2370	0.286540
2371	0.282322
2372	0.288528
2373	0.295842
2374	0.313094
2375	0.290525
2376	0.308047
2377	0.294653
2378	0.284786
2379	0.264726
2380	0.224031
2381	0.211940
2382	0.200511
2383	0.177133
2384	0.173720
2385	0.158867
2386	0.176719
2387	0.170115
2388	0.183385
2389	0.165317
2390	0.162254
2391	0.127088
2392	0.147037
2393	0.123405
2394	0.162400
2395	0.107605
2396	0.099064
2397	0.128913
2398	0.122144
2399	0.119648
2400	0.134537
2401	0.133782
2402	0.119085
2403	0.114613
2404	0.102058
2405	0.080802
2406	0.070239
2407	0.100103
2408	0.057580
2409	0.064547
2410	0.075757
2411	0.123755
2412	0.140996
2413	0.156596
2415	0.145006
2416	0.125464
2417	0.065585
2418	0.095186
2419	0.092112
2420	0.043296
2421	0.034908
2423	0.032471
2424	0.034157
2425	0.054037
2426	0.043259
2427	0.064579
2428	0.122720
2429	0.159379
2430	0.161163
2431	0.162764
2432	0.150146
2433	0.169364
2434	0.148196
2435	0.153147
2436	0.115019
2437	0.089635
2438	0.155357
2439	0.101896
2440	0.136051
2441	0.100125
2442	0.078010
2443	0.094643
2444	0.053024
2445	0.080174
2446	0.051238
2447	0.060296
2448	0.051872
2449	0.032764
2450	0.051575
2451	0.035079
2452	0.021054
2453	0.028845
2454	0.003746
2455	0.030665
2456	0.027902
2457	0.046449
2458	0.025137
2459	0.014965
2460	0.038506
2461	0.029251
2463	0.076131
2465	0.043586
2466	0.060329
2467	0.056559
2468	0.095356
2469	0.067006
2470	0.051894
2471	0.057183
2473	0.112922
2474	0.125257
2475	0.107993
2476	0.055410
2477	0.054979
2478	0.050101
2479	0.076247
2480	0.086072
2481	0.109628
2482	0.098946
2483	0.042535
2484	0.064025
2485	0.024678
2486	0.012339
2487	0.025929
2488	0.006017
2489	0.020992
2490	0.042359
2491	0.006593
2492	0.029775
2493	0.030321
2494	0.050600
2495	0.103813
2496	0.126094
2497	0.102690
2498	0.135407
2499	0.131388
2500	0.143435
2501	0.159595
2502	0.165051
2503	0.217700
2504	0.238587
2505	0.233113
2506	0.232949
2507	0.233384
2508	0.246853
2509	0.238500
2510	0.223537
2511	0.215859
2512	0.220637
2513	0.215858
2514	0.206828
2515	0.202206
2516	0.180259
2517	0.104735
2518	0.088513
2519	0.097287
2520	0.086132
2521	0.096272
2522	0.037167
2523	0.054033
2524	0.066852
2525	0.093854
2526	0.153390
2527	0.143302
2528	0.179283
2529	0.194090
2530	0.180119
2531	0.181129
2532	0.154333
2533	0.167512
2534	0.155824
2535	0.121922
2536	0.140243
2537	0.124826
2538	0.146065
2539	0.138064
2540	0.098486
2541	0.113117
2542	0.093826
2543	0.108444
2544	0.099760
2545	0.110581
2546	0.115233
2547	0.081928
2548	0.064442
2549	0.067033
2550	0.078618
2551	0.073397
2552	0.049901
2553	0.043575
2554	0.035778
2555	0.017667
2556	0.012844
2557	0.016032
2558	0.069980
2559	0.071554
2560	0.104667
2561	0.116807
2562	0.120099
2563	0.136154
2564	0.174195
2565	0.146489
2566	0.148833
2567	0.131315
2568	0.137839
2569	0.174963
2570	0.221564
2571	0.190152
2572	0.220516
2573	0.224327
2574	0.235770
2575	0.264255
2576	0.252729
2577	0.262335
2578	0.269930
2579	0.279036
2580	0.262233
2581	0.242669
2582	0.237957
2583	0.232279
2584	0.222956
2585	0.256638
2586	0.270852
2587	0.295216
2588	0.303740
2589	0.315096
2590	0.306968
2591	0.356041
2592	0.318335
2593	0.353053
2594	0.376277
2595	0.353816
2596	0.303175
2597	0.309544
2598	0.295646
2599	0.281012
2600	0.287308
2601	0.281499
2602	0.306697
2603	0.319110
2604	0.378524
2605	0.382650
2606	0.363662
2607	0.379141
2608	0.419026
2609	0.437802
2610	0.449893
2611	0.441031
2612	0.435751
2613	0.463150
2614	0.461444
2615	0.438362
2616	0.472293
2617	0.445366
2618	0.456646
2619	0.401444
2620	0.393163
2621	0.394175
2622	0.357255
2623	0.247369
2624	0.213210
2625	0.214362
2626	0.269778
2627	0.280553
2628	0.243641
2629	0.201561
2630	0.211164
2631	0.210024
2632	0.217159
2633	0.236392
2634	0.246971
2635	0.259134
2636	0.164606
2637	0.048954
2638	0.054173
2639	0.076729
2640	0.069942
2641	0.036637
2642	0.050927
2643	0.011684
2644	0.080005
2645	0.102449
2646	0.169133
2647	0.123246
2648	0.113480
2649	0.119933
2650	0.066163
2651	0.051469
2652	0.041495
2653	0.053564
2654	0.025681
2655	0.054622
2656	0.034096
2657	0.010595
2658	0.009681
2659	0.047043
2660	0.080517
2661	0.122796
2662	0.118522
2663	0.139260
2664	0.134184
2666	0.141557
2667	0.131747
2668	0.114446
2669	0.140687
2670	0.150000
2671	0.183580
2672	0.193635
2673	0.187293
2674	0.175199
2675	0.186042
2676	0.155246
2677	0.125945
2678	0.173787
2679	0.180222
2680	0.205737
2681	0.288522
2682	0.296627
2683	0.304560
2684	0.243063
2685	0.225216
2686	0.204860
2687	0.174864
2688	0.184871
2689	0.184696
2690	0.181459
2691	0.157502
2692	0.174039
2693	0.196427
2694	0.190282
2695	0.199383
2696	0.233056
2697	0.249498
2698	0.248282
2699	0.269364
2700	0.258426
2701	0.224757
2702	0.218013
2703	0.220099
2704	0.207974
2705	0.189024
2706	0.172940
2707	0.154869
2708	0.146661
2709	0.088035
2710	0.112100
2711	0.171236
2712	0.121792
2713	0.124607
2714	0.072119
2715	0.094272
2716	0.099456
2717	0.123244
2718	0.134872
2719	0.134900
2720	0.163753
2721	0.191124
2722	0.149627
2723	0.134927
2724	0.151586
2725	0.153465
2726	0.162078
2727	0.175420
2728	0.182644
2729	0.192165
2730	0.161835
2731	0.139000
2732	0.202759
2733	0.181159
2734	0.123144
2735	0.006711
2736	0.031307
2737	0.030220
2738	0.060780
2739	0.054970
2740	0.080452
2741	0.086557
2742	0.070808
2743	0.103321
2744	0.090425
2745	0.122602
2746	0.117832
2747	0.132152
2748	0.134427
2749	0.135470
2750	0.134754
2751	0.148399
2752	0.133933
2753	0.127257
2754	0.171492
2755	0.175915
2756	0.176056
2757	0.176892
2758	0.172381
2759	0.159290
2760	0.170084
2761	0.172732
2762	0.199642
2763	0.172203
2764	0.133593
2765	0.168367
2766	0.190561
2767	0.199266
2768	0.221797
2770	0.260344
2771	0.273321
2772	0.305575
2773	0.307838
2774	0.311656
2775	0.322497
2776	0.295676
2777	0.300962
2778	0.332610
2779	0.346449
2780	0.363112
2781	0.376178
2782	0.370429
2783	0.367627
2784	0.375067
2785	0.366228
2786	0.381814
2787	0.328068
2788	0.305429
2789	0.303069
2792	0.259542
2793	0.256217
2794	0.270079
2795	0.284178
2796	0.246152
2797	0.274062
2798	0.276571
2799	0.220903
2800	0.232186
2801	0.232172
2802	0.212868
2803	0.157988
2804	0.186526
2805	0.167324
2806	0.179065
2807	0.152816
2808	0.122403
2809	0.144526
2810	0.152841
2811	0.167346
2812	0.135795
2813	0.167711
2814	0.175251
2815	0.149033
2816	0.156629
2817	0.157785
2818	0.191745
2819	0.144872
2820	0.117529
2821	0.083444
2822	0.089626
2823	0.084323
2824	0.056758
2825	0.065574
2826	0.077658
2827	0.062308
2828	0.080751
2829	0.110960
2830	0.116121
2831	0.046958
2832	0.075693
2833	0.127112
2834	0.121936
2835	0.059040
2836	0.058589
2837	0.120544
2838	0.118747
2839	0.079116
2840	0.104923
2841	0.074111
2842	0.083932
2843	0.057354
2844	0.073965
2845	0.082478
2846	0.033998
2847	0.011362
2848	0.026594
2849	0.067924
2850	0.061393
2851	0.032887
2852	0.016546
2853	0.039799
2854	0.071721
2855	0.092294
2856	0.109821
2857	0.147463
2858	0.165680
2859	0.191534
2860	0.220394
2861	0.185308
2862	0.196070
2863	0.186744
2864	0.198991
2865	0.212128
2866	0.273928
2868	0.220400
2869	0.225762
2870	0.226360
2871	0.288365
2872	0.302139
2873	0.297725
2874	0.274219
2875	0.289073
2876	0.329396
2877	0.314016
2878	0.315329
2879	0.308926
2880	0.292508
2881	0.307831
2882	0.345446
2883	0.392156
2884	0.361310
2885	0.369954
2886	0.376665
2887	0.400186
2888	0.395806
2889	0.400527
2890	0.389427
2891	0.398965
2892	0.392506
2893	0.363960
2894	0.371176
2895	0.378462
2896	0.362162
2897	0.351226
2898	0.336040
2899	0.327732
2900	0.343721
2901	0.362094
2902	0.339974
2903	0.384472
2904	0.405428
2905	0.448359
2906	0.479561
2907	0.472300
2908	0.475084
2909	0.474103
2910	0.446146
2911	0.448110
2912	0.413041
2913	0.392405
2914	0.394558
2915	0.359782
2916	0.383480
2917	0.398045
2918	0.377839
2919	0.376672
2920	0.371186
2921	0.362610
2922	0.410017
2923	0.401807
2924	0.410827
2925	0.436206
2926	0.449426
2927	0.446028
2928	0.449208
2929	0.457134
2930	0.491207
2931	0.494064
2932	0.525080
2933	0.543374
2934	0.541643
2935	0.538585
2936	0.527672
2937	0.534383
2938	0.534682
2939	0.526263
2940	0.518903
2941	0.506590
2942	0.544477
2943	0.545662
2944	0.545359
2945	0.541832
2946	0.513361
2947	0.515814
2948	0.534546
2949	0.516342
2950	0.510235
2951	0.528812
2952	0.547318
2953	0.517779
2954	0.460193
2955	0.529346
2956	0.531224
2957	0.534688
2958	0.536725
2959	0.546976
2960	0.486210
2961	0.496386
2962	0.480806
2963	0.491136
2964	0.479235
2965	0.503188
2966	0.529370
2967	0.515947
2968	0.526217
2969	0.502169
2970	0.522349
2971	0.516435
2972	0.533591
2973	0.531232
2974	0.503223
2975	0.511654
2976	0.519278
2977	0.513151
2978	0.569933
2979	0.550099
2980	0.552216
2981	0.566150
2982	0.554214
2983	0.521978
2984	0.533038
2985	0.544187
2986	0.550086
2987	0.502192
2988	0.471197
2989	0.472584
2990	0.416272
2991	0.414650
2992	0.397871
2993	0.453209
2994	0.459295
2995	0.446199
2996	0.447157
2997	0.458664
2998	0.484266
3000	0.468191
3001	0.461095
3002	0.476873
3003	0.486846
3004	0.464259
3005	0.455626
3006	0.410554
3007	0.410054
3008	0.418385
3009	0.439002
3010	0.459121
3011	0.469166
3012	0.466067
3013	0.443908
3014	0.455059
3015	0.473678
3016	0.497527
3017	0.508958
3018	0.499381
3019	0.513246
3020	0.484665
3021	0.460128
3023	0.480961
3024	0.495753
3025	0.506751
3026	0.528981
3027	0.547789
3028	0.550323
3029	0.566565
3030	0.593141
3031	0.596132
3032	0.573636
3033	0.567076
3034	0.552387
3035	0.558995
3036	0.576134
3037	0.576836
3038	0.581304
3039	0.549185
3040	0.540152
3041	0.530089
3042	0.531593
3043	0.546079
3044	0.543892
3045	0.571630
3046	0.598488
3047	0.585538
3048	0.533902
3050	0.462342
3051	0.470314
3052	0.488928
3053	0.464891
3054	0.440678
3055	0.449290
3056	0.461696
3057	0.508882
3058	0.504076
3059	0.523332
3060	0.506451
3061	0.524288
3062	0.532722
3063	0.538902
3064	0.551237
3065	0.513626
3066	0.523818
3067	0.533455
3068	0.546846
3069	0.541786
3070	0.526526
3071	0.511174
3072	0.510150
3073	0.478961
3074	0.470091
3075	0.474807
3076	0.459220
3077	0.445579
3078	0.429153
3079	0.409233
3080	0.435286
3081	0.351960
3082	0.322152
3083	0.336385
3084	0.323097
3085	0.337492
3086	0.307921
3087	0.316496
3088	0.302509
3089	0.306966
3090	0.298743
3091	0.324350
3092	0.330673
3093	0.337468
3094	0.330825
3095	0.326125
3096	0.338615
3097	0.339001
3098	0.320271
3099	0.314629
3100	0.292542
3101	0.301828
3102	0.297430
3103	0.339812
3104	0.337725
3105	0.272877
3106	0.199526
3107	0.178987
3108	0.172365
3109	0.173320
3110	0.160361
3111	0.163450
3112	0.189003
3114	0.094329
3115	0.111002
3116	0.143009
3117	0.182803
3118	0.201294
3119	0.219815
3120	0.207825
3121	0.176384
3122	0.178885
3123	0.201019
3124	0.183880
3125	0.170830
3126	0.154332
3127	0.136175
3128	0.153931
3129	0.136223
3130	0.172067
3131	0.183058
3132	0.223869
3133	0.204867
3134	0.160823
3135	0.185237
3136	0.183395
3137	0.190031
3138	0.201512
3139	0.204342
3140	0.238474
3141	0.252344
3142	0.258145
3143	0.258140
3144	0.146736
3145	0.274307
3146	0.286308
3147	0.218491
3148	0.214522
3149	0.217427
3150	0.240572
3151	0.260789
3152	0.235884
3153	0.207789
3154	0.243739
3155	0.194865
3156	0.179695
3157	0.164969
3158	0.135087
3159	0.101874
3160	0.105700
3161	0.166989
3162	0.189838
3163	0.195927
3164	0.189738
3165	0.140644
3166	0.213307
3167	0.205280
3168	0.157927
3169	0.169975
3170	0.183476
3171	0.257745
3172	0.278664
3173	0.335909
3174	0.288860
3175	0.263122
3176	0.291071
3177	0.252061
3178	0.259152
3179	0.224186
3180	0.239932
3181	0.220315
3182	0.246004
3183	0.186318
3184	0.184092
3185	0.191694
3186	0.235435
3187	0.261787
3188	0.214108
3189	0.221874
3190	0.223103
3191	0.218412
3192	0.206579
3193	0.185032
3194	0.164161
3195	0.170582
3196	0.195110
3197	0.190314
3198	0.166951
3199	0.170498
3200	0.200171
3201	0.212955
3202	0.242506
3203	0.240138
3204	0.235871
3205	0.201177
3206	0.248170
3207	0.249142
3208	0.250860
3209	0.260072
3210	0.323673
3211	0.335553
3212	0.313591
3213	0.374125
3214	0.332543
3215	0.369425
3216	0.377796
3217	0.372729
3218	0.395374
3219	0.407783
3220	0.388530
3221	0.396170
3222	0.376287
3223	0.397086
3224	0.398711
3225	0.430649
3226	0.440896
3227	0.440339
3228	0.465255
3229	0.462089
3230	0.463154
3231	0.460222
3232	0.516292
3234	0.491993
3235	0.469451
3236	0.419893
3237	0.415134
3238	0.421473
3239	0.385269
3240	0.363828
3241	0.416698
3242	0.388875
3243	0.386595
3244	0.385097
3245	0.405310
3246	0.392751
3247	0.396107
3248	0.388168
3249	0.347001
3250	0.351590
3251	0.368672
3252	0.380339
3253	0.369429
3254	0.294280
3255	0.358729
3256	0.362739
3257	0.394956
3258	0.373482
3259	0.402299
3260	0.409409
3261	0.423154
3262	0.453115
3263	0.438577
3264	0.445258
3265	0.498196
3266	0.501395
3267	0.472817
3268	0.469481
3269	0.485228
3270	0.497099
3271	0.472350
3272	0.464861
3273	0.479477
3274	0.428074
3275	0.412670
3276	0.391390
3277	0.362940
3278	0.405111
3279	0.406672
3280	0.394314
3281	0.386794
3282	0.362338
3283	0.347916
3284	0.332292
3285	0.354650
3286	0.345812
3287	0.305237
3288	0.313409
3289	0.313025
3291	0.260031
3292	0.295920
3293	0.279450
3294	0.345566
3295	0.348230
3296	0.342202
3297	0.379303
3298	0.400925
3299	0.362452
3300	0.309309
3301	0.313254
3302	0.259305
3303	0.283306
3304	0.295830
3305	0.296964
3306	0.312092
3307	0.339456
3308	0.386370
3309	0.452190
3310	0.368180
3311	0.403836
3312	0.426675
3313	0.420157
3314	0.368002
3315	0.327299
3316	0.352680
3317	0.341895
3318	0.282455
3319	0.292689
3320	0.318438
3321	0.323408
3322	0.297784
3323	0.291228
3324	0.292493
3325	0.286601
3326	0.277659
3327	0.290660
3328	0.308179
3329	0.288793
3330	0.285130
3331	0.271886
3332	0.249118
3333	0.253372
3334	0.231313
3335	0.217688
3336	0.243654
3337	0.289583
3338	0.297711
3339	0.291156
3340	0.289470
3341	0.316580
3342	0.336378
3343	0.357533
3344	0.366440
3345	0.363381
3346	0.369205
3347	0.400508
3348	0.425187
3349	0.427022
3350	0.430269
3351	0.421690
3352	0.441499
3353	0.469124
3354	0.515495
3355	0.516665
3356	0.512900
3357	0.565423
3358	0.565123
3359	0.549031
3360	0.558165
3361	0.577811
3362	0.603819
3363	0.584961
3364	0.571203
3365	0.565216
3366	0.554844
3367	0.583273
3368	0.589051
3369	0.546877
3370	0.540774
3371	0.538798
3372	0.572435
3373	0.557159
3374	0.583702
3375	0.555820
3377	0.582195
3378	0.595510
3379	0.583599
3380	0.600352
3381	0.565812
3382	0.510388
3383	0.490959
3384	0.508960
3385	0.521938
3386	0.514482
3387	0.482346
3388	0.535430
3389	0.530366
3390	0.523837
3391	0.513911
3392	0.506213
3393	0.514526
3394	0.528837
3395	0.534971
3396	0.519596
3397	0.514300
3398	0.542987
3399	0.463458
3400	0.463945
3401	0.471010
3402	0.482604
3403	0.489444
3404	0.471694
3405	0.450870
3406	0.444719
3407	0.434835
3408	0.447962
3409	0.464897
3410	0.423239
3411	0.424334
3412	0.367897
3413	0.362349
3414	0.346316
3415	0.316188
3416	0.322324
3417	0.345531
3418	0.334104
3419	0.289972
3420	0.309203
