1	0.189255
2	0.133812
3	0.112931
4	0.066134
5	0.085716
6	0.084094
7	0.103301
8	0.104656
9	0.122004
10	0.094319
11	0.089489
12	0.064782
13	0.070396
14	0.131791
15	0.144095
16	0.121197
17	0.173320
18	0.210810
19	0.219035
20	0.258695
21	0.276152
22	0.273656
23	0.251689
24	0.348043
25	0.267808
26	0.230119
27	0.259822
28	0.198045
29	0.238340
30	0.133208
31	0.112483
32	0.143138
33	0.215810
34	0.157304
35	0.216189
36	0.318630
37	0.277149
38	0.396236
39	0.335238
40	0.222618
41	0.215133
42	0.310960
43	0.320560
44	0.230266
45	0.391138
46	0.262557
47	0.326087
48	0.385681
49	0.349323
50	0.251546
51	0.298034
52	0.302481
53	0.399451
54	0.284187
55	0.402674
56	0.302682
57	0.376159
58	0.291695
59	0.309666
60	0.257352
61	0.251894
62	0.342943
63	0.257837
65	0.324359
67	0.319477
68	0.272708
69	0.274589
70	0.258064
71	0.213610
72	0.252737
73	0.325610
74	0.267114
75	0.345699
76	0.419493
77	0.432442
78	0.347624
79	0.239899
80	0.386385
81	0.175930
82	0.224000
83	0.262042
84	0.320004
85	0.350436
86	0.343277
87	0.420522
88	0.317579
89	0.309757
90	0.286114
91	0.159736
92	0.274051
93	0.194340
94	0.291700
95	0.180103
96	0.265400
97	0.202818
98	0.212579
99	0.182509
100	0.242331
101	0.254837
102	0.077530
103	0.220315
104	0.247460
105	0.294441
106	0.222225
107	0.300507
108	0.087337
110	0.268823
111	0.400685
112	0.335525
113	0.399966
114	0.352030
115	0.337812
116	0.351661
117	0.259535
118	0.353550
119	0.338423
120	0.399518
121	0.399879
122	0.317516
123	0.325140
124	0.328341
125	0.346729
126	0.382738
127	0.220320
128	0.305690
129	0.289447
130	0.226823
131	0.357488
132	0.320574
133	0.345380
134	0.314100
135	0.200361
136	0.374572
137	0.340367
138	0.386312
139	0.352788
140	0.256313
141	0.289393
142	0.326540
143	0.323003
144	0.176510
145	0.241104
146	0.230907
147	0.228997
148	0.238559
149	0.213793
150	0.253065
151	0.221167
152	0.323412
153	0.208814
154	0.281700
155	0.307300
156	0.328488
157	0.424687
158	0.335466
159	0.453187
160	0.348653
161	0.410259
162	0.446353
163	0.445245
164	0.472424
165	0.476993
166	0.517322
167	0.506786
168	0.418216
169	0.476188
170	0.400656
171	0.366738
172	0.460640
173	0.462949
174	0.336859
175	0.330393
176	0.524677
177	0.414298
178	0.543570
179	0.436735
180	0.392479
181	0.475677
182	0.364460
183	0.416295
184	0.412083
185	0.329729
186	0.355404
187	0.247354
188	0.400067
189	0.320480
190	0.419282
191	0.311454
192	0.349131
193	0.365144
194	0.241085
195	0.346295
196	0.254175
197	0.313468
198	0.340080
199	0.292554
200	0.248924
201	0.210030
202	0.198542
203	0.162225
204	0.259975
205	0.186943
206	0.233681
207	0.295184
208	0.259333
209	0.342926
210	0.180470
211	0.312261
212	0.238289
213	0.384666
214	0.369756
215	0.383862
216	0.460423
217	0.275009
219	0.310391
220	0.350087
221	0.233966
222	0.373598
223	0.273690
224	0.286733
225	0.279006
226	0.360592
227	0.310395
228	0.404280
229	0.390728
230	0.410111
231	0.408138
232	0.314061
233	0.306178
234	0.381040
235	0.372098
237	0.455344
238	0.466075
239	0.516924
240	0.463260
241	0.447453
242	0.534742
243	0.648962
244	0.613977
245	0.474386
246	0.657232
247	0.610313
248	0.645602
249	0.679356
250	0.682574
251	0.685750
252	0.634591
253	0.584798
254	0.700430
255	0.758559
256	0.621305
257	0.679887
258	0.565393
259	0.503583
260	0.456594
261	0.527421
262	0.492836
263	0.596505
264	0.500460
265	0.608928
266	0.551888
267	0.606382
268	0.549364
269	0.492609
270	0.509824
271	0.512576
272	0.445494
273	0.501913
274	0.593978
275	0.471933
276	0.518035
277	0.541467
278	0.459398
279	0.521108
280	0.575078
281	0.555758
282	0.538594
283	0.529932
284	0.609672
285	0.493800
286	0.491813
287	0.496822
288	0.527665
289	0.562086
291	0.521685
292	0.604594
293	0.642937
294	0.595628
295	0.609692
296	0.628788
297	0.596065
298	0.612726
299	0.608699
300	0.542356
301	0.525716
302	0.542662
303	0.494077
304	0.532558
305	0.559019
306	0.588540
307	0.529553
308	0.518388
309	0.489131
310	0.486985
312	0.450233
313	0.470048
314	0.479751
315	0.470269
316	0.439404
317	0.434885
318	0.417544
319	0.367923
320	0.408894
321	0.421169
322	0.422431
323	0.437280
324	0.437800
325	0.421846
326	0.450149
327	0.476048
328	0.479481
329	0.472653
330	0.562205
331	0.546130
332	0.542467
333	0.543963
334	0.575469
335	0.608609
336	0.627418
337	0.598402
338	0.587733
339	0.621300
340	0.611716
341	0.629869
342	0.639687
343	0.683817
344	0.660552
345	0.657431
346	0.634036
347	0.629263
348	0.636769
349	0.631826
350	0.639766
351	0.656296
352	0.654198
353	0.684677
354	0.689236
355	0.704850
356	0.707903
357	0.687930
359	0.715454
360	0.712234
362	0.703489
363	0.730260
364	0.703546
365	0.716223
366	0.735819
367	0.742264
368	0.751246
369	0.729492
370	0.750586
371	0.752367
372	0.727466
373	0.754938
374	0.730252
375	0.710739
376	0.713903
377	0.668274
378	0.685575
379	0.686223
380	0.681700
381	0.681645
382	0.702862
383	0.696459
384	0.696564
385	0.677900
386	0.677207
387	0.685439
388	0.694563
389	0.689324
390	0.674051
391	0.669626
392	0.669345
393	0.692085
394	0.696250
395	0.656025
396	0.682114
397	0.689218
398	0.688493
399	0.643922
400	0.648812
401	0.638764
402	0.645070
403	0.650791
404	0.626617
405	0.669545
406	0.663969
408	0.652312
409	0.669177
410	0.692334
411	0.711655
412	0.726196
413	0.721760
414	0.722975
415	0.693305
416	0.692094
417	0.694528
418	0.715086
419	0.693360
420	0.672816
421	0.667456
422	0.646806
423	0.601570
424	0.636567
425	0.651372
426	0.640509
427	0.635584
428	0.631227
429	0.633787
430	0.657456
431	0.583234
432	0.581713
433	0.568369
434	0.589846
435	0.577219
436	0.587579
437	0.565452
439	0.580390
440	0.577910
441	0.557366
442	0.560802
443	0.577959
444	0.593583
445	0.588971
446	0.588202
447	0.612468
448	0.603466
449	0.603520
450	0.589754
451	0.579257
452	0.551487
453	0.558238
454	0.572829
455	0.585663
456	0.598659
457	0.568225
458	0.576274
459	0.635421
460	0.633709
461	0.652134
462	0.653935
463	0.632540
464	0.655591
465	0.684057
466	0.701516
467	0.697305
468	0.621342
469	0.602194
470	0.608372
471	0.593080
472	0.572589
473	0.486654
474	0.497121
475	0.499804
476	0.519775
477	0.536124
478	0.555025
479	0.560990
480	0.542411
481	0.499104
482	0.486282
483	0.483324
484	0.516458
485	0.518591
486	0.522633
487	0.529718
488	0.612888
489	0.593208
490	0.623325
491	0.612156
492	0.647732
493	0.658540
494	0.644425
495	0.631399
496	0.633360
497	0.638745
498	0.590382
499	0.593915
500	0.572957
501	0.588662
502	0.591738
503	0.543897
504	0.568215
505	0.574147
506	0.590139
507	0.653778
509	0.679445
510	0.672368
511	0.672943
512	0.659140
513	0.668093
515	0.658331
516	0.657474
517	0.656864
518	0.671800
519	0.678254
521	0.731007
522	0.711024
523	0.723217
524	0.718053
526	0.719705
527	0.719098
528	0.734965
529	0.728564
530	0.725220
531	0.708059
532	0.715449
533	0.724241
534	0.756443
535	0.735225
536	0.754891
537	0.744551
538	0.746594
539	0.746937
540	0.739893
541	0.742398
542	0.743312
543	0.736017
544	0.735027
545	0.741880
546	0.738559
547	0.719567
548	0.730493
549	0.734863
550	0.731937
551	0.727115
552	0.718760
553	0.708243
554	0.728683
555	0.730674
556	0.719037
557	0.734161
558	0.750239
559	0.719007
560	0.743586
561	0.742425
562	0.747626
563	0.727310
564	0.722506
565	0.728985
566	0.739486
567	0.735465
568	0.742702
569	0.770241
570	0.777559
571	0.766051
572	0.779172
573	0.747753
574	0.764483
575	0.755144
576	0.761173
577	0.791358
578	0.757673
579	0.752907
580	0.760688
581	0.771457
582	0.783725
583	0.763613
584	0.779882
585	0.784887
586	0.793604
587	0.725009
588	0.763818
589	0.772970
590	0.766368
592	0.758774
593	0.806546
594	0.781987
595	0.752354
596	0.771032
597	0.765843
598	0.760596
599	0.736662
600	0.730574
601	0.759507
602	0.732028
603	0.751710
604	0.764818
606	0.755750
607	0.739950
608	0.718344
610	0.734623
611	0.720656
612	0.741722
613	0.731381
614	0.733242
615	0.749983
616	0.743523
617	0.760786
618	0.756061
619	0.761798
620	0.743482
621	0.763893
622	0.762251
623	0.756786
624	0.731328
625	0.721707
626	0.734439
627	0.706257
628	0.741449
629	0.691340
630	0.728376
631	0.673580
632	0.676166
633	0.678901
634	0.692234
635	0.672978
636	0.664249
637	0.679479
638	0.681499
639	0.643392
640	0.632405
641	0.638324
642	0.632380
643	0.597405
644	0.587758
645	0.603946
646	0.616772
647	0.590274
648	0.586013
649	0.577693
650	0.591704
651	0.571888
652	0.591353
653	0.621322
654	0.567370
655	0.563024
656	0.595426
657	0.532105
658	0.521062
659	0.475823
660	0.491326
662	0.478166
663	0.492471
664	0.519081
665	0.492720
666	0.500624
667	0.508127
668	0.473143
669	0.530942
670	0.517344
671	0.506575
672	0.467537
673	0.463672
674	0.454105
675	0.443569
676	0.455191
677	0.441168
678	0.454400
679	0.448498
680	0.456616
681	0.419621
682	0.436519
684	0.467712
685	0.447849
686	0.513359
687	0.511279
688	0.518864
689	0.515625
690	0.468079
691	0.503777
692	0.514059
693	0.486901
694	0.529461
695	0.526773
696	0.530393
697	0.579294
698	0.566295
699	0.570401
700	0.625215
701	0.633183
702	0.646817
703	0.639038
704	0.605942
705	0.651851
706	0.631505
707	0.646353
708	0.641008
709	0.620148
710	0.643396
711	0.643927
712	0.623971
713	0.653563
714	0.622269
715	0.634360
716	0.639471
717	0.647392
718	0.667681
719	0.643366
720	0.673707
721	0.668812
722	0.686952
723	0.683499
724	0.673200
725	0.673564
726	0.696226
727	0.701746
728	0.667651
729	0.698985
730	0.685995
731	0.690886
732	0.668587
733	0.689538
734	0.659041
735	0.719500
736	0.711533
737	0.669115
738	0.712571
739	0.716333
740	0.705784
741	0.686677
742	0.688929
743	0.724306
744	0.685812
746	0.738960
747	0.727771
748	0.686499
749	0.661762
750	0.679455
751	0.652525
752	0.613519
753	0.647310
754	0.667802
755	0.641037
756	0.699768
757	0.683808
758	0.742544
759	0.710249
760	0.710199
761	0.712397
762	0.716695
763	0.732369
764	0.682493
765	0.722016
766	0.747143
767	0.728553
768	0.721701
769	0.682436
770	0.728473
771	0.681016
772	0.684938
773	0.690151
774	0.666109
775	0.707034
776	0.702665
777	0.695404
778	0.640809
779	0.713811
780	0.724347
781	0.716299
782	0.668029
783	0.688936
784	0.691516
785	0.720922
786	0.701719
787	0.668850
788	0.673956
789	0.661927
790	0.667089
791	0.656810
792	0.649382
793	0.647473
794	0.676050
796	0.655844
797	0.666311
798	0.578878
799	0.588085
800	0.626000
801	0.636797
802	0.598587
803	0.591548
804	0.637959
805	0.566880
806	0.560051
807	0.505969
808	0.496688
809	0.559835
810	0.546337
811	0.526601
812	0.548633
813	0.623168
814	0.539191
815	0.554417
817	0.534828
818	0.513674
819	0.557615
820	0.528957
821	0.564143
822	0.516439
823	0.519658
824	0.571722
825	0.529886
826	0.465249
827	0.471078
828	0.424613
829	0.517124
830	0.438772
831	0.386145
832	0.426050
833	0.424672
834	0.407691
835	0.427176
836	0.490988
837	0.426721
838	0.529097
839	0.411752
840	0.486147
841	0.417813
842	0.537072
843	0.531338
844	0.503902
845	0.581551
846	0.627899
847	0.634961
848	0.615468
850	0.571881
851	0.607550
852	0.580184
853	0.672090
854	0.609011
855	0.629995
856	0.614227
857	0.570897
858	0.584069
859	0.620503
860	0.605297
861	0.562086
862	0.575265
863	0.582978
864	0.588170
865	0.619616
866	0.641736
867	0.646363
868	0.631015
869	0.587994
870	0.550384
871	0.613500
872	0.584580
873	0.617312
874	0.532131
875	0.521950
876	0.511889
877	0.513959
878	0.548563
879	0.478470
880	0.507060
881	0.520703
882	0.472136
883	0.456212
884	0.416003
885	0.427175
886	0.360040
887	0.346007
888	0.370182
889	0.401737
890	0.358918
891	0.416560
892	0.385230
893	0.423431
894	0.372917
895	0.418879
896	0.348919
897	0.313406
898	0.354879
899	0.373957
900	0.384466
901	0.378748
902	0.375006
903	0.396188
904	0.408060
905	0.408315
906	0.351243
907	0.364212
908	0.344292
909	0.383821
910	0.371238
911	0.370330
912	0.425193
913	0.459721
914	0.397849
916	0.395353
917	0.406724
918	0.414686
919	0.433212
920	0.429881
921	0.428762
922	0.446756
923	0.451245
924	0.476912
925	0.498513
926	0.526652
927	0.535544
928	0.518633
929	0.479662
930	0.525527
931	0.558324
932	0.532561
933	0.544426
934	0.548880
935	0.526908
936	0.518086
937	0.539068
938	0.534601
939	0.547480
940	0.576283
941	0.590716
942	0.591991
943	0.571910
944	0.562867
945	0.567277
946	0.552489
947	0.551672
948	0.559870
949	0.551894
950	0.553928
951	0.576932
952	0.504654
953	0.483680
954	0.473988
955	0.497564
956	0.500475
957	0.514881
958	0.526315
959	0.550167
960	0.543407
961	0.524938
962	0.512707
963	0.494465
964	0.496274
965	0.478328
966	0.495249
967	0.489557
968	0.523855
969	0.543425
970	0.526335
971	0.525897
972	0.514668
973	0.522935
974	0.507251
975	0.426990
976	0.401515
977	0.427209
978	0.424873
979	0.423604
980	0.450103
981	0.406973
982	0.345890
983	0.349261
984	0.319335
985	0.349956
986	0.346533
987	0.314172
988	0.280853
989	0.315334
990	0.332193
991	0.291651
992	0.316448
993	0.291964
994	0.333237
995	0.308431
996	0.243290
997	0.196538
998	0.186777
999	0.190879
1000	0.158621
1001	0.139212
1002	0.132886
1003	0.151220
1004	0.169973
1005	0.150358
1006	0.227771
1007	0.193613
1008	0.199026
1009	0.187416
1010	0.181193
1011	0.176184
1012	0.171465
1013	0.149191
1014	0.136803
1015	0.141459
1016	0.080478
1017	0.100029
1018	0.097628
1019	0.053273
1020	0.082860
1021	0.092841
1022	0.069275
1023	0.038086
1024	0.060936
1025	0.059190
1026	0.032885
1027	0.061002
1028	0.076618
1029	0.068501
1030	0.029968
1031	0.027226
1032	0.016681
1033	0.109377
1034	0.081429
1035	0.018848
1036	0.065179
1037	0.074404
1038	0.058678
1039	0.058095
1040	0.068355
1041	0.062107
1042	0.061219
1043	0.093552
1044	0.093668
1045	0.092834
1046	0.054185
1047	0.070249
1048	0.008147
1049	0.086296
1050	0.049844
1051	0.031242
1052	0.081914
1053	0.046642
1054	0.025802
1055	0.086558
1056	0.205804
1057	0.221228
1058	0.263711
1059	0.381407
1060	0.298314
1061	0.369591
1062	0.483927
1063	0.495288
1064	0.483753
1065	0.486036
1066	0.454222
1067	0.493108
1068	0.544712
1069	0.615982
1070	0.520412
1071	0.521363
1072	0.523269
1073	0.536436
1074	0.539196
1076	0.612713
1077	0.563476
1078	0.559939
1079	0.572797
1080	0.535232
1081	0.544738
1082	0.518285
1083	0.421353
1084	0.392267
1085	0.413030
1086	0.420313
1087	0.413666
1088	0.435737
1089	0.415636
1090	0.436551
1091	0.409312
1092	0.404295
1093	0.448228
1094	0.429142
1095	0.342674
1096	0.315487
1097	0.333202
1098	0.410368
1099	0.413947
1100	0.407555
1101	0.409319
1102	0.419287
1103	0.345374
1104	0.327391
1105	0.324998
1106	0.308222
1107	0.383985
1108	0.413805
1109	0.377431
1110	0.358346
1111	0.346937
1112	0.386576
1113	0.355041
1114	0.383615
1115	0.386878
1116	0.388691
1117	0.405861
1118	0.394808
1119	0.400990
1120	0.392849
1121	0.383767
1122	0.453726
1123	0.425652
1124	0.402644
1125	0.377500
1126	0.388920
1127	0.444127
1128	0.487724
1129	0.464868
1130	0.462955
1131	0.473483
1132	0.494800
1133	0.419543
1134	0.591132
1135	0.437355
1136	0.450595
1137	0.535530
1138	0.536968
1139	0.566466
1140	0.565864
1141	0.537262
1142	0.470209
1143	0.463419
1144	0.466947
1145	0.459563
1146	0.418277
1147	0.443498
1148	0.446896
1149	0.439227
1150	0.420001
1151	0.414347
1152	0.502959
1154	0.493936
1155	0.460972
1156	0.409453
1157	0.435711
1158	0.458426
1159	0.447429
1160	0.488012
1161	0.474044
1162	0.440586
1163	0.446233
1164	0.420105
1165	0.399788
1166	0.392820
1167	0.425167
1168	0.413525
1169	0.371545
1170	0.380848
1171	0.457699
1172	0.406981
1173	0.432817
1174	0.401688
1175	0.438863
1176	0.403956
1177	0.468853
1178	0.515975
1179	0.480952
1180	0.442865
1181	0.446135
1182	0.412580
1183	0.454620
1184	0.421889
1185	0.385690
1186	0.391019
1187	0.453214
1188	0.366131
1189	0.400031
1190	0.388068
1191	0.336916
1192	0.375650
1193	0.405829
1194	0.392137
1195	0.413523
1196	0.409620
1197	0.452070
1198	0.505900
1199	0.496920
1200	0.465951
1201	0.489180
1202	0.553502
1203	0.513855
1204	0.560270
1205	0.556626
1206	0.481398
1207	0.510721
1208	0.425290
1209	0.456167
1210	0.406915
1211	0.493280
1212	0.406869
1213	0.477396
1214	0.443509
1215	0.456165
1216	0.448731
1217	0.460348
1218	0.503473
1219	0.469376
1220	0.395617
1221	0.442232
1223	0.360532
1224	0.419660
1225	0.428450
1226	0.396602
1227	0.366245
1228	0.353554
1229	0.429536
1230	0.362041
1231	0.331034
1232	0.431720
1233	0.432968
1234	0.429898
1236	0.286009
1237	0.343241
1238	0.339587
1239	0.273058
1240	0.302407
1241	0.276341
1242	0.211259
1243	0.137999
1244	0.195962
1245	0.154698
1246	0.276926
1247	0.321075
1248	0.280472
1249	0.277146
1250	0.379531
1251	0.372598
1252	0.231195
1253	0.274969
1254	0.413145
1255	0.319945
1256	0.412260
1257	0.406576
1258	0.401615
1259	0.344594
1260	0.376948
1261	0.378882
1262	0.311141
1263	0.418394
1264	0.461013
1265	0.444207
1266	0.521391
1267	0.511948
1268	0.431538
1269	0.413534
1270	0.494185
1271	0.474999
1272	0.526649
1273	0.486885
1274	0.476540
1275	0.527906
1276	0.510567
1277	0.444910
1278	0.511345
1279	0.454735
1280	0.473270
1281	0.562062
1282	0.454794
1283	0.488208
1284	0.505636
1285	0.511531
1286	0.513255
1287	0.399789
1288	0.400340
1289	0.384320
1290	0.402359
1291	0.356533
1292	0.358498
1293	0.335057
1294	0.315734
1295	0.286991
1296	0.256621
1297	0.252184
1299	0.316128
1300	0.272651
1301	0.329052
1302	0.265562
1303	0.357697
1304	0.276610
1305	0.270616
1306	0.340525
1307	0.291460
1308	0.389707
1310	0.348848
1311	0.205892
1312	0.237616
1313	0.296875
1314	0.305156
1315	0.294463
1316	0.383538
1317	0.324926
1318	0.409889
1319	0.389155
1320	0.335583
1321	0.332752
1322	0.371368
1323	0.374523
1324	0.345677
1325	0.230395
1326	0.200144
1327	0.209132
1328	0.284717
1329	0.225998
1330	0.284835
1331	0.263146
1332	0.198806
1333	0.191543
1334	0.213719
1335	0.239248
1336	0.239784
1337	0.265359
1338	0.296448
1339	0.292157
1340	0.345951
1341	0.326108
1342	0.367696
1343	0.386754
1344	0.395581
1345	0.372780
1346	0.288828
1347	0.231702
1348	0.226226
1349	0.252741
1350	0.254851
1351	0.261869
1352	0.244925
1353	0.278016
1354	0.267045
1355	0.258098
1356	0.280519
1357	0.249471
1358	0.238599
1359	0.227161
1360	0.223047
1361	0.279446
1362	0.225769
1363	0.215676
1364	0.157898
1365	0.175044
1366	0.097464
1367	0.112814
1368	0.083723
1369	0.144803
1370	0.068781
1371	0.104460
1372	0.090615
1373	0.088129
1374	0.066014
1375	0.101189
1376	0.086245
1377	0.134881
1378	0.151159
1379	0.096242
1380	0.095412
1381	0.084151
1382	0.055420
1383	0.109399
1384	0.071455
1385	0.072043
1386	0.089054
1387	0.116297
1388	0.092660
1389	0.150304
1390	0.128751
1391	0.110446
1392	0.055942
1393	0.035705
1394	0.049373
1395	0.090127
1396	0.098730
1397	0.069604
1398	0.056444
1399	0.074539
1400	0.105356
1401	0.112143
1402	0.164675
1403	0.192386
1404	0.181855
1405	0.244354
1406	0.259903
1407	0.362106
1408	0.264496
1409	0.322671
1410	0.369648
1411	0.345063
1412	0.442406
1413	0.378389
1414	0.427211
1415	0.425079
1416	0.555626
1417	0.505802
1418	0.524154
1419	0.482241
1420	0.558573
1421	0.520460
1422	0.503856
1423	0.519721
1424	0.580148
1425	0.605125
1426	0.532630
1427	0.609530
1428	0.590442
1429	0.536488
1430	0.545552
1431	0.561877
1432	0.652716
1433	0.698917
1434	0.607829
1435	0.679663
1436	0.515760
1437	0.475340
1438	0.605868
1439	0.480792
1440	0.525246
1441	0.561347
1442	0.490043
1443	0.434043
1444	0.464927
1445	0.455048
1446	0.472670
1447	0.459837
1448	0.431400
1449	0.410867
1450	0.429426
1451	0.360791
1452	0.387718
1453	0.402584
1454	0.398020
1455	0.388023
1456	0.392315
1457	0.392346
1458	0.384651
1459	0.435487
1460	0.417312
1461	0.378809
1462	0.324649
1463	0.322765
1464	0.212829
1465	0.197955
1466	0.166572
1467	0.187450
1468	0.184170
1469	0.176023
1470	0.189675
1471	0.211168
1472	0.238111
1473	0.211550
1474	0.207021
1475	0.197995
1476	0.185893
1477	0.193733
1478	0.219914
1479	0.213978
1480	0.150800
1481	0.174769
1482	0.122769
1483	0.141820
1484	0.125564
1485	0.147724
1486	0.135402
1487	0.095405
1488	0.124272
1489	0.170010
1490	0.143800
1491	0.145494
1492	0.200933
1493	0.271495
1494	0.242067
1495	0.340739
1496	0.339077
1497	0.238748
1498	0.315850
1499	0.318258
1500	0.286408
1501	0.297378
1502	0.245213
1503	0.259290
1504	0.276632
1505	0.235861
1506	0.280068
1507	0.278655
1508	0.258718
1509	0.229664
1510	0.294136
1511	0.316258
1512	0.384811
1513	0.425397
1514	0.345292
1515	0.416947
1516	0.393675
1517	0.319411
1518	0.339880
1519	0.481174
1520	0.348071
1521	0.369506
1522	0.481395
1523	0.401537
1524	0.493595
1525	0.415202
1526	0.528952
1527	0.520271
1528	0.389402
1529	0.513397
1530	0.395854
1531	0.426218
1532	0.249751
1533	0.315062
1534	0.317274
1535	0.251730
1536	0.242326
1537	0.204658
1538	0.219482
1539	0.181848
1540	0.164845
1541	0.180598
1542	0.164914
1543	0.135987
1544	0.190972
1545	0.102506
1546	0.191044
1547	0.092300
1548	0.081640
1549	0.109292
1550	0.120230
1551	0.067504
1552	0.112742
1553	0.099993
1554	0.146357
1555	0.159660
1556	0.190259
1557	0.134621
1558	0.179903
1559	0.165023
1560	0.194263
1561	0.168471
1562	0.206823
1564	0.179209
1565	0.203147
1566	0.185761
1567	0.207731
1568	0.140578
1569	0.095133
1571	0.092779
1572	0.131583
1573	0.172884
1574	0.176588
1575	0.141787
1576	0.208069
1577	0.172042
1578	0.126158
1579	0.179427
1580	0.172860
1581	0.214406
1582	0.221775
1583	0.180252
1584	0.221015
1585	0.111222
1586	0.135999
1587	0.158257
1588	0.159225
1589	0.091235
1590	0.097708
1591	0.204059
1592	0.147426
1593	0.141467
1594	0.198157
1595	0.224304
1596	0.162759
1597	0.169450
1598	0.199650
1599	0.225254
1600	0.141067
1601	0.120529
1602	0.140650
1604	0.047349
1605	0.036249
1606	0.113959
1607	0.089883
1608	0.160411
1609	0.159988
1610	0.234094
1611	0.209733
1612	0.213394
1613	0.249079
1614	0.262226
1615	0.281562
1616	0.347198
1617	0.359130
1618	0.349160
1619	0.388772
1620	0.369214
1621	0.322258
1622	0.283101
1623	0.365783
1624	0.350656
1625	0.390445
1626	0.336046
1627	0.326555
1628	0.257344
1629	0.249367
1630	0.237623
1631	0.353579
1632	0.300820
1633	0.383135
1634	0.312584
1635	0.333853
1636	0.377808
1637	0.384189
1639	0.340889
1640	0.340348
1641	0.300898
1642	0.338210
1643	0.297085
1644	0.265353
1645	0.357061
1646	0.347269
1647	0.331945
1648	0.387890
1649	0.328403
1650	0.401006
1651	0.356734
1652	0.366733
1653	0.372539
1654	0.320916
1655	0.213160
1656	0.173512
1657	0.258865
1658	0.214504
1659	0.159260
1660	0.270348
1661	0.281261
1662	0.312413
1663	0.276938
1664	0.305008
1665	0.398801
1666	0.312090
1667	0.347631
1668	0.345468
1669	0.383231
1670	0.482481
1671	0.401449
1672	0.423224
1673	0.467200
1674	0.360754
1675	0.362433
1676	0.430184
1677	0.337783
1678	0.407483
1679	0.361875
1680	0.361766
1681	0.398632
1682	0.383222
1683	0.473039
1684	0.463578
1685	0.480715
1686	0.432618
1687	0.490480
1689	0.523380
1690	0.490021
1691	0.500159
1692	0.498254
1693	0.376403
1694	0.435552
1695	0.341031
1696	0.344001
1697	0.385743
1698	0.408118
1699	0.416984
1700	0.419736
1701	0.399933
1702	0.504335
1703	0.411415
1704	0.428498
1705	0.469112
1706	0.491734
1708	0.482930
1709	0.398172
1710	0.470009
1711	0.462857
1712	0.386193
1713	0.480379
1714	0.434433
1715	0.481398
1716	0.435545
1717	0.385421
1718	0.444764
1719	0.375440
1720	0.431766
1721	0.445766
1722	0.417201
1723	0.381033
1724	0.463892
1725	0.438052
1726	0.419609
1727	0.405438
1728	0.422696
1729	0.376279
1730	0.393365
1731	0.481977
1732	0.449619
1733	0.453940
1734	0.428487
1735	0.460715
1736	0.437943
1737	0.518441
1738	0.501228
1739	0.396519
1740	0.408796
1741	0.445336
1742	0.476732
1743	0.371425
1744	0.426920
1745	0.462985
1746	0.415252
1747	0.437570
1748	0.431457
1749	0.439699
1750	0.489645
1751	0.484282
1752	0.528536
1753	0.539865
1754	0.512614
1755	0.545191
1756	0.555421
1757	0.486573
1758	0.487444
1759	0.526556
1760	0.527962
1761	0.493623
1762	0.509226
1763	0.489955
1764	0.496185
1765	0.526300
1766	0.466267
1767	0.488901
1768	0.462006
1769	0.414293
1770	0.422249
1771	0.474391
1772	0.433044
1773	0.430257
1774	0.409108
1775	0.465447
1776	0.518033
1777	0.548112
1778	0.448285
1779	0.455978
1780	0.484772
1781	0.463916
1782	0.497304
1783	0.470552
1784	0.427488
1785	0.305178
1786	0.332885
1787	0.423692
1788	0.444431
1789	0.452275
1791	0.400837
1792	0.460599
1793	0.371399
1794	0.351099
1795	0.372530
1796	0.419078
1797	0.453338
1798	0.456554
1799	0.478563
1800	0.367581
1801	0.498030
1802	0.532889
1803	0.524888
1804	0.476575
1805	0.486974
1806	0.545312
1807	0.526235
1808	0.515709
1809	0.558747
1810	0.498476
1811	0.535757
1812	0.582284
1813	0.532827
1814	0.527140
1815	0.566648
1816	0.514761
1817	0.582381
1818	0.491893
1819	0.531417
1820	0.527389
1821	0.482188
1822	0.508382
1823	0.529314
1824	0.530021
1825	0.440991
1826	0.568316
1827	0.524265
1828	0.588683
1829	0.584689
1830	0.591719
1831	0.579961
1832	0.514472
1833	0.467136
1834	0.427005
1835	0.456161
1836	0.367363
1837	0.369070
1838	0.338588
1839	0.275057
1840	0.275208
1841	0.349661
1842	0.291143
1843	0.186546
1844	0.141077
1845	0.099786
1846	0.167355
1847	0.191064
1848	0.150324
1849	0.103308
1850	0.113895
1851	0.169376
1852	0.180466
1853	0.109447
1854	0.140707
1855	0.096971
1856	0.164628
1857	0.176104
1858	0.216190
1859	0.207021
1860	0.224902
1861	0.248365
1862	0.294421
1863	0.330608
1864	0.311680
1865	0.324031
1866	0.325850
1867	0.347465
1869	0.421671
1870	0.432510
1871	0.452898
1872	0.460019
1873	0.455265
1874	0.459011
1875	0.436933
1876	0.405747
1877	0.426896
1878	0.446107
1879	0.451806
1880	0.442111
1881	0.511650
1882	0.497660
1883	0.478169
1884	0.479200
1885	0.473024
1886	0.504381
1887	0.434248
1888	0.497010
1889	0.506911
1890	0.508697
1891	0.510617
1892	0.462016
1893	0.505492
1894	0.476101
1895	0.552737
1897	0.546196
1898	0.442928
1899	0.446984
1900	0.429882
1901	0.459776
1903	0.437957
1904	0.425968
1905	0.415236
1906	0.298093
1907	0.266473
1908	0.278595
1909	0.288975
1910	0.251559
1911	0.257456
1912	0.398796
1913	0.123957
1914	0.291488
1915	0.287726
1916	0.307123
1917	0.302055
1918	0.295635
1919	0.173651
1920	0.299660
1921	0.231754
1922	0.278750
1923	0.318306
1924	0.249641
1925	0.331170
1926	0.377497
1927	0.402459
1928	0.391083
1929	0.353272
1930	0.429764
1931	0.401357
1932	0.416926
1933	0.440391
1934	0.346018
1935	0.352573
1936	0.432411
1937	0.445409
1938	0.462490
1939	0.366468
1940	0.530711
1941	0.537102
1942	0.486061
1943	0.425555
1944	0.391732
1945	0.412893
1946	0.424885
1947	0.425479
1948	0.412247
1949	0.329853
1950	0.379131
1951	0.471731
1952	0.439133
1953	0.498077
1954	0.476088
1955	0.419654
1956	0.411970
1957	0.453784
1958	0.481565
1959	0.490029
1960	0.492173
1961	0.480271
1962	0.449756
1963	0.455734
1964	0.456161
1965	0.448621
1966	0.430344
1967	0.484100
1968	0.397533
1969	0.426961
1970	0.424807
1971	0.416041
1972	0.401697
1973	0.356017
1974	0.365804
1975	0.374210
1976	0.350315
1977	0.339598
1978	0.355745
1979	0.360866
1980	0.395333
1981	0.293019
1982	0.305275
1983	0.380570
1984	0.365245
1985	0.333713
1986	0.292904
1987	0.269769
1988	0.371299
1989	0.422195
1990	0.342928
1991	0.334062
1992	0.417507
1993	0.334578
1994	0.378348
1995	0.344148
1996	0.327160
1997	0.412636
1998	0.371360
1999	0.374631
2000	0.376520
2001	0.380130
2002	0.379624
2003	0.378660
2004	0.238063
2005	0.299583
2006	0.307727
2007	0.297625
2008	0.316406
2009	0.254372
2010	0.325537
2011	0.237426
2012	0.288270
2013	0.260954
2014	0.325740
2015	0.298706
2016	0.400538
2017	0.410723
2018	0.370088
2019	0.409315
2020	0.466180
2021	0.475461
2022	0.489730
2024	0.445084
2025	0.472940
2026	0.562059
2027	0.567156
2028	0.537556
2029	0.448505
2030	0.506809
2031	0.505695
2032	0.516931
2033	0.509193
2034	0.402512
2035	0.467261
2037	0.396322
2038	0.196599
2039	0.253172
2040	0.288170
2041	0.118568
2042	0.287012
2043	0.390543
2044	0.480173
2045	0.373058
2046	0.279619
2047	0.216563
2048	0.276001
2049	0.153763
2050	0.177917
2051	0.204542
2052	0.210420
2053	0.070829
2054	0.224665
2055	0.162344
2056	0.106337
2057	0.242231
2058	0.202927
2059	0.230407
2060	0.217387
2061	0.226633
2062	0.286170
2063	0.261634
2064	0.241137
2065	0.331936
2066	0.307609
2067	0.388849
2068	0.311924
2069	0.336202
2070	0.369975
2071	0.443450
2072	0.460219
2073	0.408646
2074	0.458894
2075	0.516309
2076	0.541220
2077	0.586436
2078	0.542949
2079	0.596979
2080	0.544158
2081	0.538412
2082	0.604663
2083	0.635824
2084	0.586187
2085	0.577791
2086	0.635134
2087	0.662713
2088	0.616995
2089	0.623222
2090	0.690908
2091	0.703259
2092	0.675427
2093	0.659874
2094	0.748972
2095	0.727704
2096	0.787290
2097	0.760105
2098	0.788814
2099	0.756511
2100	0.829390
2101	0.794355
2102	0.740382
2103	0.751018
2104	0.757143
2105	0.662352
2106	0.757618
2107	0.732682
2108	0.769086
2109	0.790939
2110	0.730505
2111	0.760951
2112	0.728753
2113	0.819969
2114	0.778643
2115	0.747421
2116	0.759883
2117	0.724933
2118	0.703339
2119	0.748686
2120	0.667941
2121	0.656247
2122	0.724945
2123	0.706827
2124	0.667663
2125	0.620966
2126	0.729444
2127	0.688543
2128	0.646471
2129	0.595057
2130	0.673225
2131	0.629210
2132	0.598413
2133	0.644588
2134	0.643941
2135	0.514553
2136	0.511329
2137	0.513420
2138	0.554211
2139	0.482487
2140	0.460085
2141	0.435612
2142	0.398184
2143	0.426306
2144	0.338205
2145	0.409797
2146	0.310790
2147	0.288964
2148	0.198726
2149	0.239972
2150	0.197249
2151	0.243266
2152	0.183446
2153	0.214195
2154	0.153097
2155	0.238867
2156	0.218633
2157	0.238122
2158	0.169831
2159	0.176769
2160	0.185621
2161	0.167038
2162	0.154993
2163	0.157070
2164	0.155509
2165	0.205909
2166	0.125374
2167	0.228979
2168	0.132879
2169	0.140368
2170	0.087498
2171	0.143967
2172	0.076541
2173	0.186609
2174	0.147977
2175	0.153439
2176	0.122873
2177	0.174667
2178	0.160806
2179	0.247448
2180	0.129866
2181	0.221645
2182	0.133045
2183	0.267128
2184	0.134448
2185	0.177727
2186	0.241060
2187	0.193943
2188	0.282723
2189	0.269076
2190	0.266970
2191	0.327461
2192	0.348656
2193	0.345618
2194	0.322542
2195	0.321644
2196	0.337082
2197	0.352685
2198	0.378939
2199	0.349620
2200	0.330473
2201	0.405608
2202	0.308388
2203	0.276369
2204	0.258448
2205	0.329994
2206	0.387786
2207	0.325980
2208	0.339780
2209	0.191435
2210	0.251017
2211	0.287832
2212	0.227322
2213	0.180842
2214	0.251885
2215	0.232545
2216	0.204940
2217	0.300206
2218	0.207194
2219	0.373789
2220	0.357847
2221	0.300654
2222	0.275866
2223	0.230858
2224	0.224827
2225	0.188952
2226	0.284445
2227	0.290482
2228	0.268820
2229	0.295422
2230	0.302882
2231	0.288561
2232	0.332335
2233	0.399923
2234	0.429242
2235	0.491003
2236	0.422712
2237	0.439039
2238	0.429846
2239	0.429737
2240	0.431591
2241	0.452823
2242	0.391943
2243	0.389684
2244	0.407748
2245	0.386565
2246	0.417946
2247	0.482843
2248	0.400188
2249	0.397109
2250	0.431815
2251	0.349214
2252	0.332360
2253	0.306875
2254	0.352943
2255	0.340550
2256	0.380802
2257	0.349774
2258	0.362778
2259	0.401757
2260	0.341607
2261	0.302377
2262	0.408200
2263	0.311030
2264	0.418637
2265	0.346696
2266	0.446930
2267	0.368546
2268	0.348806
2269	0.365031
2270	0.428703
2271	0.321494
2272	0.335789
2273	0.306564
2274	0.364350
2275	0.349898
2276	0.229808
2277	0.321450
2278	0.160212
2279	0.223582
2280	0.260860
2281	0.323626
2282	0.226746
2283	0.278753
2284	0.199143
2285	0.355140
2286	0.232540
2288	0.314856
2289	0.408575
2290	0.298396
2291	0.375161
2292	0.295739
2293	0.423002
2294	0.328887
2295	0.336149
2296	0.360646
2297	0.371857
2298	0.372208
2299	0.381435
2300	0.401903
2301	0.203400
2302	0.384951
2303	0.301502
2304	0.287643
2305	0.255310
2306	0.293117
2307	0.282200
2308	0.295532
2309	0.269371
2310	0.279120
2311	0.324806
2312	0.121555
2313	0.280850
2314	0.124017
2315	0.240528
2316	0.089610
2317	0.081727
2318	0.112091
2319	0.147061
2320	0.195599
2321	0.130036
2322	0.089655
2323	0.143289
2325	0.079155
2326	0.162028
2327	0.146592
2328	0.132090
2329	0.166504
2330	0.136559
2331	0.215531
2332	0.254945
2333	0.213613
2334	0.216294
2335	0.278746
2336	0.255054
2337	0.303921
2338	0.274269
2339	0.349409
2340	0.228645
2341	0.280480
2342	0.333328
2343	0.237888
2344	0.221403
2345	0.272224
2346	0.241937
2347	0.225137
2348	0.203876
2349	0.242194
2350	0.217232
2351	0.277929
2352	0.236168
2353	0.211889
2354	0.218390
2355	0.193122
2356	0.199217
2357	0.194644
2358	0.148346
2359	0.212367
2360	0.205642
2361	0.283762
2362	0.262956
2363	0.297155
2364	0.278368
2365	0.265938
2366	0.313713
2367	0.320646
2368	0.288971
2369	0.264388
2370	0.286925
2371	0.266704
2372	0.287690
2373	0.301545
2374	0.263519
2375	0.322865
2376	0.308971
2377	0.277738
2378	0.255031
2379	0.262637
2380	0.238010
2381	0.221071
2382	0.196341
2383	0.170329
2384	0.162960
2385	0.169080
2386	0.201226
2387	0.184156
2388	0.182536
2389	0.208394
2390	0.098753
2391	0.140771
2392	0.174496
2393	0.152414
2394	0.112905
2395	0.122609
2396	0.115006
2397	0.118526
2398	0.085294
2399	0.123905
2400	0.116643
2401	0.066187
2402	0.099117
2403	0.095056
2404	0.091532
2405	0.054658
2406	0.107123
2407	0.055557
2408	0.084815
2409	0.035047
2410	0.082038
2411	0.113362
2412	0.066509
2413	0.157834
2415	0.063240
2416	0.027247
2417	0.128330
2418	0.096299
2419	0.119406
2420	0.100525
2421	0.062461
2423	0.177768
2424	0.200881
2425	0.067932
2426	0.114213
2427	0.287288
2428	0.261956
2429	0.343798
2430	0.222422
2431	0.292719
2432	0.316606
2433	0.349395
2434	0.230721
2435	0.334031
2436	0.262535
2437	0.180115
2438	0.218386
2439	0.299862
2440	0.251074
2441	0.272684
2442	0.243491
2443	0.235339
2444	0.181954
2445	0.182665
2446	0.234214
2447	0.157210
2448	0.275272
2449	0.219485
2450	0.257275
2451	0.222582
2452	0.265635
2453	0.143478
2454	0.206656
2455	0.216206
2456	0.104814
2457	0.200656
2458	0.135104
2459	0.178238
2460	0.178016
2461	0.123500
2463	0.145978
2465	0.251950
2466	0.114919
2467	0.201507
2468	0.251366
2469	0.172119
2470	0.077842
2471	0.115565
2473	0.121440
2474	0.198046
2475	0.200032
2476	0.083453
2477	0.115839
2478	0.054864
2479	0.141285
2480	0.088312
2481	0.111538
2482	0.098477
2483	0.078355
2484	0.123597
2485	0.083178
2486	0.122548
2487	0.135072
2488	0.076076
2489	0.149923
2490	0.106262
2491	0.150062
2492	0.136360
2493	0.087988
2494	0.186663
2495	0.166621
2496	0.202008
2497	0.190418
2498	0.241535
2499	0.236583
2500	0.126254
2501	0.268113
2502	0.231595
2503	0.269860
2504	0.330862
2505	0.329614
2506	0.309311
2507	0.303976
2508	0.266826
2509	0.240411
2510	0.300915
2511	0.297703
2512	0.227463
2513	0.288585
2514	0.282950
2515	0.194401
2516	0.177300
2517	0.130463
2518	0.056326
2519	0.140277
2520	0.143267
2521	0.087052
2522	0.091602
2523	0.044884
2524	0.054300
2525	0.030862
2526	0.106089
2527	0.084911
2528	0.072961
2529	0.102093
2530	0.124271
2531	0.036205
2532	0.168023
2533	0.097723
2534	0.106316
2535	0.122238
2536	0.111476
2537	0.103094
2538	0.135431
2539	0.167814
2540	0.052831
2541	0.094349
2542	0.143418
2543	0.159157
2544	0.133977
2545	0.120476
2546	0.065804
2547	0.096621
2548	0.108814
2549	0.047214
2550	0.050064
2551	0.064314
2552	0.074472
2553	0.115280
2554	0.040820
2555	0.073085
2556	0.050863
2557	0.087065
2558	0.079238
2559	0.050690
2560	0.045977
2561	0.062687
2562	0.083277
2563	0.054433
2564	0.142616
2565	0.091698
2566	0.060103
2567	0.087328
2568	0.145936
2569	0.108322
2570	0.152984
2571	0.172300
2572	0.141510
2573	0.157263
2574	0.203458
2575	0.191723
2576	0.226950
2577	0.173379
2578	0.173443
2579	0.189617
2580	0.174497
2581	0.140290
2582	0.163717
2583	0.197281
2584	0.165084
2585	0.223170
2586	0.256394
2587	0.244041
2588	0.295357
2589	0.321126
2590	0.311294
2591	0.301196
2592	0.274164
2593	0.274793
2594	0.325110
2595	0.287954
2596	0.196251
2597	0.179524
2598	0.234821
2599	0.218237
2600	0.225685
2601	0.216638
2602	0.169870
2603	0.295211
2604	0.271949
2605	0.286960
2606	0.361267
2607	0.287990
2608	0.356850
2609	0.362760
2610	0.299867
2611	0.294532
2612	0.339761
2613	0.398164
2614	0.395264
2615	0.337560
2616	0.355719
2617	0.318888
2618	0.315721
2619	0.249872
2620	0.292364
2621	0.243532
2622	0.250107
2623	0.159825
2624	0.096911
2625	0.241280
2626	0.203661
2627	0.081451
2628	0.073909
2629	0.211193
2630	0.055529
2631	0.131825
2632	0.085546
2633	0.167122
2634	0.142877
2635	0.249813
2636	0.023960
2637	0.086441
2638	0.075767
2639	0.038816
2640	0.078372
2641	0.081436
2642	0.033725
2643	0.033791
2644	0.142099
2645	0.105405
2646	0.105068
2647	0.049868
2648	0.090553
2649	0.120846
2650	0.029148
2651	0.065962
2652	0.131406
2653	0.116585
2654	0.188112
2655	0.161255
2656	0.113845
2657	0.193029
2658	0.098839
2659	0.170539
2660	0.190475
2661	0.225084
2662	0.259621
2663	0.207580
2664	0.229974
2666	0.302295
2667	0.238115
2668	0.185443
2669	0.336827
2670	0.235748
2671	0.228095
2672	0.315910
2673	0.180482
2674	0.201867
2675	0.295518
2676	0.274691
2677	0.239332
2678	0.225219
2679	0.278779
2680	0.294036
2681	0.369664
2682	0.391468
2683	0.407746
2684	0.335294
2685	0.235019
2686	0.313527
2687	0.187958
2688	0.237372
2689	0.271515
2690	0.231153
2691	0.254845
2692	0.248692
2693	0.243600
2694	0.282318
2695	0.292381
2696	0.325132
2697	0.248515
2698	0.277317
2699	0.302554
2700	0.266261
2701	0.278711
2702	0.320353
2703	0.285486
2704	0.292374
2705	0.210578
2706	0.254149
2707	0.248424
2708	0.249387
2709	0.238440
2710	0.265361
2711	0.209105
2712	0.228948
2713	0.166244
2714	0.104580
2715	0.150821
2716	0.183245
2717	0.139167
2718	0.210049
2719	0.161020
2720	0.224228
2721	0.183388
2722	0.177669
2723	0.187860
2724	0.221553
2725	0.094219
2726	0.244466
2727	0.237481
2728	0.189465
2729	0.198737
2730	0.139409
2731	0.288174
2732	0.267626
2733	0.267757
2734	0.128451
2735	0.153957
2736	0.050894
2737	0.158757
2738	0.112384
2739	0.099296
2740	0.153258
2741	0.087460
2742	0.102377
2743	0.031136
2744	0.104483
2745	0.147522
2746	0.165952
2747	0.073314
2748	0.153758
2749	0.121178
2750	0.103801
2751	0.176816
2752	0.098582
2753	0.054910
2754	0.135833
2755	0.167547
2756	0.095626
2757	0.102091
2758	0.068372
2759	0.095779
2760	0.131157
2761	0.090682
2762	0.185422
2763	0.004073
2764	0.126367
2765	0.081610
2766	0.119356
2767	0.150357
2768	0.184886
2770	0.162306
2771	0.139786
2772	0.273962
2773	0.226153
2774	0.205251
2775	0.273203
2776	0.209815
2777	0.278609
2778	0.272074
2779	0.342366
2780	0.303102
2781	0.344134
2782	0.362389
2783	0.334704
2784	0.322242
2785	0.284188
2786	0.335674
2787	0.341003
2788	0.304068
2789	0.232126
2792	0.235209
2793	0.279393
2794	0.285969
2795	0.259665
2796	0.182931
2797	0.250374
2798	0.253812
2799	0.191757
2800	0.196952
2801	0.223295
2802	0.122983
2803	0.142094
2804	0.178221
2805	0.167493
2806	0.113274
2807	0.123018
2808	0.083916
2809	0.093814
2810	0.151381
2811	0.093410
2812	0.135809
2813	0.099408
2814	0.114157
2815	0.106717
2816	0.120495
2817	0.094790
2818	0.122381
2819	0.142639
2820	0.116922
2821	0.106022
2822	0.071628
2823	0.000519
2824	0.084776
2825	0.081121
2826	0.067575
2827	0.115908
2828	0.070430
2829	0.139335
2830	0.081459
2831	0.124286
2832	0.062245
2833	0.169572
2834	0.086684
2835	0.146800
2836	0.183138
2837	0.240780
2838	0.251076
2839	0.145757
2840	0.179588
2841	0.088951
2842	0.123545
2843	0.173292
2844	0.137340
2845	0.020793
2846	0.102041
2847	0.029832
2848	0.122005
2849	0.157449
2850	0.082072
2851	0.013262
2852	0.098842
2853	0.039211
2854	0.070933
2855	0.096369
2856	0.041279
2857	0.091186
2858	0.187580
2859	0.227105
2860	0.242316
2861	0.221177
2862	0.243364
2863	0.218496
2864	0.168876
2865	0.211544
2866	0.232605
2868	0.178636
2869	0.154963
2870	0.196144
2871	0.198854
2872	0.278112
2873	0.212969
2874	0.206304
2875	0.305935
2876	0.304095
2877	0.264311
2878	0.248155
2879	0.251970
2880	0.282329
2881	0.272946
2882	0.342073
2883	0.309378
2884	0.285735
2885	0.356746
2886	0.327285
2887	0.327909
2888	0.382169
2889	0.346899
2890	0.308874
2891	0.328494
2892	0.304943
2893	0.334720
2894	0.315778
2895	0.286346
2896	0.293893
2897	0.268005
2898	0.316764
2899	0.251220
2900	0.325134
2901	0.310848
2902	0.297806
2903	0.290254
2904	0.397132
2905	0.429435
2906	0.393275
2907	0.431021
2908	0.385168
2909	0.384984
2910	0.382740
2911	0.388782
2912	0.294505
2913	0.300215
2914	0.321981
2915	0.283170
2916	0.333821
2917	0.311028
2918	0.307878
2919	0.284136
2920	0.272844
2921	0.347513
2922	0.340954
2923	0.350442
2924	0.393381
2925	0.409095
2926	0.370317
2927	0.379641
2928	0.376986
2929	0.410805
2930	0.409489
2931	0.464372
2932	0.428838
2933	0.475142
2934	0.466599
2935	0.440278
2936	0.425289
2937	0.472486
2938	0.409762
2939	0.444009
2940	0.417362
2941	0.454742
2942	0.445456
2943	0.441898
2944	0.498186
2945	0.426581
2946	0.413601
2947	0.430331
2948	0.424986
2949	0.378494
2950	0.480018
2951	0.416053
2952	0.531760
2953	0.411632
2954	0.469782
2955	0.435954
2956	0.437850
2957	0.438715
2958	0.435843
2959	0.448606
2960	0.415481
2961	0.389787
2962	0.406828
2963	0.445172
2964	0.436607
2965	0.366841
2966	0.482447
2967	0.460077
2968	0.427064
2969	0.429796
2970	0.439677
2971	0.445780
2972	0.446694
2973	0.396023
2974	0.443604
2975	0.397473
2976	0.377424
2977	0.450169
2978	0.511800
2979	0.415485
2980	0.448176
2981	0.459670
2982	0.428361
2983	0.375036
2984	0.450377
2985	0.430753
2986	0.414747
2987	0.378765
2988	0.325901
2989	0.332569
2990	0.330858
2991	0.267515
2992	0.345091
2993	0.349322
2994	0.332330
2995	0.379835
2996	0.314130
2997	0.324146
2998	0.379162
3000	0.375674
3001	0.331395
3002	0.347681
3003	0.346997
3004	0.351811
3005	0.300204
3006	0.350849
3007	0.310531
3008	0.329340
3009	0.351254
3010	0.424022
3011	0.342624
3012	0.350150
3013	0.410981
3014	0.419338
3015	0.440750
3016	0.414211
3017	0.411393
3018	0.385048
3019	0.428834
3020	0.400044
3021	0.397444
3023	0.461687
3024	0.389371
3025	0.453816
3026	0.436591
3027	0.465541
3028	0.486180
3029	0.541317
3030	0.470060
3031	0.508227
3032	0.463376
3033	0.483433
3034	0.473688
3035	0.471990
3036	0.510671
3037	0.507099
3038	0.522214
3039	0.441162
3040	0.443739
3041	0.462743
3042	0.438722
3043	0.468446
3044	0.490759
3045	0.490605
3046	0.518553
3047	0.490878
3048	0.487103
3050	0.388160
3051	0.417214
3052	0.437362
3053	0.444953
3054	0.438696
3055	0.428163
3056	0.498663
3057	0.506650
3058	0.508329
3059	0.573512
3060	0.529968
3061	0.540494
3062	0.545022
3063	0.544164
3064	0.562688
3065	0.530472
3066	0.522183
3067	0.547139
3068	0.544991
3069	0.529038
3070	0.508888
3071	0.510925
3072	0.489587
3073	0.478098
3074	0.461958
3075	0.447328
3076	0.457530
3077	0.463576
3078	0.429120
3079	0.445769
3080	0.392447
3081	0.346704
3082	0.349233
3083	0.330245
3084	0.351446
3085	0.325098
3086	0.343080
3087	0.293556
3088	0.331123
3089	0.264024
3090	0.308954
3091	0.334892
3092	0.350722
3093	0.307942
3094	0.362512
3095	0.388963
3096	0.398690
3097	0.302024
3098	0.309664
3099	0.350460
3100	0.323248
3101	0.328321
3102	0.299748
3103	0.333250
3104	0.304199
3105	0.286842
3106	0.214288
3107	0.225129
3108	0.239646
3109	0.193262
3110	0.225335
3111	0.147455
3112	0.212839
3114	0.172897
3115	0.186958
3116	0.192957
3117	0.248477
3118	0.230498
3119	0.213842
3120	0.217615
3121	0.214255
3122	0.233028
3123	0.242668
3124	0.197567
3125	0.208582
3126	0.228735
3127	0.216239
3128	0.209317
3129	0.227256
3130	0.266300
3131	0.270632
3132	0.228186
3133	0.264885
3134	0.229351
3135	0.230539
3136	0.266253
3137	0.259781
3138	0.255873
3139	0.273884
3140	0.287301
3141	0.298201
3142	0.332016
3143	0.255546
3144	0.228414
3145	0.281080
3146	0.245441
3147	0.160140
3148	0.198437
3149	0.205002
3150	0.269744
3151	0.219401
3152	0.105146
3153	0.168310
3154	0.206464
3155	0.149020
3156	0.098875
3157	0.035740
3158	0.034412
3159	0.015959
3160	0.033808
3161	0.126800
3162	0.118812
3163	0.117939
3164	0.017837
3165	0.117245
3166	0.135156
3167	0.072527
3168	0.075972
3169	0.066935
3170	0.180430
3171	0.235837
3172	0.313034
3173	0.303693
3174	0.218683
3175	0.265596
3176	0.207888
3177	0.274353
3178	0.310247
3179	0.253915
3180	0.225143
3181	0.279672
3182	0.280999
3183	0.205837
3184	0.221271
3185	0.261843
3186	0.292643
3187	0.284567
3188	0.245247
3189	0.266040
3190	0.288197
3191	0.218057
3192	0.262513
3193	0.182601
3194	0.168465
3195	0.250408
3196	0.311175
3197	0.270866
3198	0.253836
3199	0.228249
3200	0.285647
3201	0.240980
3202	0.280664
3203	0.240128
3204	0.235939
3205	0.174206
3206	0.267012
3207	0.258185
3208	0.265655
3209	0.286257
3210	0.365130
3211	0.272923
3212	0.393249
3213	0.428056
3214	0.365534
3215	0.342691
3216	0.411108
3217	0.412985
3218	0.383491
3219	0.430526
3220	0.463486
3221	0.439655
3222	0.417158
3223	0.406119
3224	0.401318
3225	0.468310
3226	0.437160
3227	0.485830
3228	0.492564
3229	0.513556
3230	0.455749
3231	0.458822
3232	0.505521
3234	0.457497
3235	0.393120
3236	0.393278
3237	0.359751
3238	0.298182
3239	0.318998
3240	0.300310
3241	0.346403
3242	0.334387
3243	0.316088
3244	0.308863
3245	0.311818
3246	0.329841
3247	0.299973
3248	0.316571
3249	0.310746
3250	0.260856
3251	0.313779
3252	0.301748
3253	0.250495
3254	0.222409
3255	0.252949
3256	0.317076
3257	0.300933
3258	0.342022
3259	0.341839
3260	0.358275
3261	0.370520
3262	0.423994
3263	0.393688
3264	0.442609
3265	0.414060
3266	0.406776
3267	0.408730
3268	0.399480
3269	0.430979
3270	0.485388
3271	0.359349
3272	0.425080
3273	0.386114
3274	0.305307
3275	0.357243
3276	0.281765
3277	0.360631
3278	0.310085
3279	0.340830
3280	0.277889
3281	0.288148
3282	0.288823
3283	0.255753
3284	0.321592
3285	0.284481
3286	0.247896
3287	0.254241
3288	0.253642
3289	0.264402
3291	0.160165
3292	0.241217
3293	0.289024
3294	0.294280
3295	0.284824
3296	0.365621
3297	0.241057
3298	0.318902
3299	0.299602
3300	0.241584
3301	0.185528
3302	0.233839
3303	0.196202
3304	0.225722
3305	0.323568
3306	0.291851
3307	0.229159
3308	0.415101
3309	0.335524
3310	0.378649
3311	0.330716
3312	0.368549
3313	0.380817
3314	0.244391
3315	0.296692
3316	0.301307
3317	0.250593
3318	0.205719
3319	0.249574
3320	0.184426
3321	0.230232
3322	0.196409
3323	0.210777
3324	0.221371
3325	0.148735
3326	0.218857
3327	0.174560
3328	0.206656
3329	0.193774
3330	0.181478
3331	0.169183
3332	0.180684
3333	0.148372
3334	0.102268
3335	0.143372
3336	0.158151
3337	0.222820
3338	0.204568
3339	0.174568
3340	0.254800
3341	0.241840
3342	0.259941
3343	0.303565
3344	0.325780
3345	0.309170
3346	0.335966
3347	0.315220
3348	0.402407
3349	0.341054
3350	0.383982
3351	0.406018
3352	0.383845
3353	0.444867
3354	0.394213
3355	0.491297
3356	0.490060
3357	0.501814
3358	0.476230
3359	0.491492
3360	0.496673
3361	0.485645
3362	0.536644
3363	0.482471
3364	0.490395
3365	0.556922
3366	0.493549
3367	0.505043
3368	0.543126
3369	0.492058
3370	0.475174
3371	0.529047
3372	0.556041
3373	0.564516
3374	0.504623
3375	0.506362
3377	0.502095
3378	0.524644
3379	0.572282
3380	0.542148
3381	0.517118
3382	0.469384
3383	0.470491
3384	0.466473
3385	0.477565
3386	0.465716
3387	0.489814
3388	0.470062
3389	0.474730
3390	0.445120
3391	0.468748
3392	0.475366
3393	0.491195
3394	0.495033
3395	0.466540
3396	0.469915
3397	0.495728
3398	0.442212
3399	0.407614
3400	0.458174
3401	0.480051
3402	0.510899
3403	0.459373
3404	0.425883
3405	0.388071
3406	0.379896
3407	0.346813
3408	0.469687
3409	0.436084
3410	0.350417
3411	0.347874
3412	0.341029
3413	0.230529
3414	0.254715
3415	0.266832
3416	0.302869
3417	0.193614
3418	0.273004
3419	0.271604
3420	0.239907
